	100418001	100517001	100717001	100818001	101018001	101117001	101218001	101418001	101517001	101618001	101717001	101818001	101917001	102018001	102117001	102218001	102317001	102418001	102517001	200117001	200217001	200317001	200417001	200617001	200717001	200817001	200917001	201017001	201117001	207118001	207218003	207318001	207418001	207518001	207618001	207718001	207818001	207918001	208018001	400318001	400418001	400518001	400618001	400818001	400918001	401018001	401118001	401218001	401518001	402417001	402517001	402617001	402817001	402917001	403017001	403117001	403717001	403817001	403917001	600117001	600218001	600417001	600517001	600817001	601017001	601217001	601317001	601417001	601517001	601617001	602318001	602418001	602518001	602618001	602718001	602818001	602918001	603018001	603118001	800417001	801017001	801217001	801417001	801817001	802118001	802318001	802518001	802718001	802817001	802918001	803017001	803118001	803217001	803318001	803518001	803718001	803817001	803918001	804017001
aac(3)-Ib	0	0	0	0	0	0	2	0	0	1	0	0	0	0	0	0	0	0	0	0	0	0	0	0	0	0	0	0	0	0	2	0	0	2	0	0	0	2	0	1	0	0	1	0	3	0	0	0	0	0	0	0	0	0	0	0	0	0	0	0	2	0	0	0	0	0	0	0	0	0	0	0	0	0	0	0	1	0	0	0	0	0	0	0	0	0	0	0	0	0	0	0	0	0	0	0	0	0	0
aac(3)-Ib-aac(6')-Ib	0	0	0	0	0	0	0	0	0	0	0	0	0	0	0	0	0	0	0	0	0	0	0	0	0	0	0	0	0	0	0	0	0	0	0	0	0	0	0	0	0	0	0	0	0	0	0	0	0	0	0	0	0	0	0	0	0	0	0	0	1	0	0	0	0	0	1	0	0	0	0	0	0	0	0	0	0	0	0	0	0	0	0	0	0	0	0	0	0	0	0	0	0	0	0	0	0	0	0
aac(3)-Id	0	0	0	0	0	0	0	0	0	0	0	0	0	0	0	0	0	0	0	0	0	0	0	0	0	0	0	0	0	0	0	0	0	0	0	0	0	0	29	0	0	0	0	0	3	0	0	0	0	0	0	0	0	0	0	0	0	0	0	0	0	0	0	0	0	0	0	0	0	0	0	0	1	0	0	0	0	0	0	0	0	0	0	0	0	0	0	0	0	0	0	0	0	0	0	0	0	1	0
aac(3)-Ih	0	0	0	0	0	0	0	0	0	0	0	0	0	0	0	0	0	0	0	0	0	0	0	0	0	0	0	0	0	0	0	0	0	0	0	0	0	0	0	0	0	0	1	0	0	0	0	0	0	0	0	0	0	0	0	0	0	0	1	0	0	0	0	0	0	0	0	0	0	0	0	0	0	0	0	0	0	0	0	0	0	0	0	0	0	0	0	0	0	0	0	0	0	0	0	0	0	0	0
aac(3)-II_clust	0	0	0	0	0	0	3	1	0	0	0	2	0	0	0	0	0	0	0	0	0	0	0	0	0	0	0	1	3	0	1	0	0	0	0	0	0	0	0	391	10	51	7	50	1484	46	4	203	96	0	0	0	0	0	0	0	0	0	1	0	5	0	0	0	0	0	0	0	0	1	2	0	2	64	4	0	17	0	7	0	0	0	0	0	0	0	0	0	0	0	0	0	0	0	0	0	0	0	0
aac(3)-IIb_1_M97172	0	0	0	0	0	0	0	0	0	0	0	0	0	0	0	0	0	0	0	0	0	0	0	0	0	0	0	0	0	0	0	0	0	0	0	0	0	0	0	0	0	0	0	0	0	0	0	0	0	0	0	0	0	0	0	0	0	0	0	0	0	0	0	0	0	0	0	0	0	0	0	1	0	0	0	0	0	0	0	0	0	0	0	0	0	0	0	0	0	0	0	0	0	0	0	0	0	0	0
aac(3)-Iva	0	0	0	3	2	0	14	3	0	2	0	0	0	1	0	8	0	0	0	2	0	2	0	0	1	0	0	0	2	0	0	0	1	0	0	0	1	2	2	2349	390	3087	3488	1684	5140	2461	2922	17	23	0	0	0	1	1	0	0	0	0	16	1	0	0	4	6	1	2	4	1	1	1	10	2	0	27	12	2	185	0	8	0	0	0	0	0	0	0	0	8	0	0	0	0	1	0	1	0	0	0	0
aac(3)-VIa	1	0	0	1	0	0	0	0	0	0	0	30	0	0	0	0	0	1	0	0	0	0	0	0	0	0	0	0	0	0	0	0	1	55	0	84	0	0	109	238	6	1	37	9	0	11	48	0	5	0	0	0	0	0	0	0	0	0	0	0	519	0	0	0	0	0	0	0	0	0	0	45	25	123	0	0	32	0	2	0	0	0	0	0	0	0	0	0	0	0	0	0	0	0	0	0	0	0	0
aac(3)-Xa	0	0	0	0	0	0	0	0	0	0	0	0	0	0	0	0	0	0	0	0	0	0	0	0	0	0	0	0	0	0	0	0	0	0	0	0	0	0	0	0	0	0	0	0	0	0	0	0	0	0	0	0	0	0	0	0	0	0	0	0	0	0	0	0	0	0	0	0	0	0	0	0	0	0	0	0	0	0	0	0	0	0	0	0	0	0	0	0	0	0	0	1	0	0	0	0	0	0	0
aac(6')_3_EU912537	0	0	0	0	0	0	0	0	0	0	0	0	0	0	0	0	0	0	0	0	0	0	0	0	0	0	0	0	0	0	0	0	0	0	0	0	0	0	0	0	0	0	0	0	0	0	1	0	0	0	0	0	0	0	0	0	0	0	0	0	0	0	0	0	0	0	0	0	0	0	0	0	0	0	0	0	0	0	0	0	0	0	0	0	0	0	0	0	0	0	0	0	0	0	0	0	0	0	0
aac(6')-31	0	0	0	0	0	0	0	0	0	0	0	0	0	0	0	0	0	0	0	0	0	0	0	0	0	0	0	0	0	0	0	0	0	0	0	0	0	0	0	0	0	0	0	0	0	0	0	0	0	0	0	0	0	0	0	0	0	0	0	0	0	0	0	0	0	0	0	0	0	0	1	1	0	3	0	0	0	0	0	0	0	0	0	0	0	0	0	0	0	0	0	0	0	0	0	0	0	0	0
aac(6')-aph(2'')_1_KF652095	2	0	1	3	1	1	7	6	0	2	1	2	1	0	0	5	0	1	8	1	0	0	0	0	1	0	0	1	0	18	0	5	18	2	10	1	2	0	0	1	3	0	2	2	3	0	2	3	1	0	0	3	4	2	2	4	9	2	3	12	2	17	14	48	16	135	9	36	81	57	1	2	10	5	6	1	2	2	0	0	0	0	0	0	2	7	2	3	1	0	1	6	0	36	2	12	0	2	0
aac(6')-aph(2'')_1_M13771	12	4	0	3	6	0	5	4	0	2	0	3	0	0	0	2	1	0	5	0	2	0	0	0	0	0	3	1	0	35	2	6	13	28	17	1	0	0	3	306	356	396	1156	22	199	641	42	31	58	0	0	1	2	5	1	3	5	4	6	12	6	12	4	23	37	46	11	18	68	16	24	42	25	186	8	22	22	8	5	0	0	0	0	0	5	9	1	21	1	2	0	14	0	29	6	37	0	3	0
aac(6')-Iad	0	0	0	0	0	0	0	0	0	0	0	0	0	0	0	0	0	0	0	0	0	0	0	0	0	0	0	0	0	0	0	0	0	0	0	0	0	0	0	0	0	0	0	0	0	0	0	0	0	0	0	0	0	0	0	0	0	0	0	0	0	0	0	0	0	0	0	0	0	0	1	1	0	0	0	0	0	0	0	0	0	0	0	0	0	0	0	0	0	0	0	0	0	0	0	0	0	0	0
aac(6')-IIa	0	0	0	0	0	0	0	0	0	0	0	0	0	0	0	0	0	0	0	0	0	0	0	0	0	0	0	0	2	0	0	0	0	0	0	0	0	0	0	0	0	0	0	0	0	0	0	0	0	0	0	0	0	0	0	0	0	0	0	0	0	0	0	0	0	0	0	0	0	0	0	0	0	0	0	0	0	0	0	0	0	0	0	0	0	0	0	0	0	0	0	0	0	0	0	0	0	0	0
aac(6')-Im	4	1	0	4	1	1	6	2	1	1	0	1	1	2	0	0	1	1	0	3	4	3	4	2	2	1	0	8	4	28	12	1	3	1	5	3	0	0	1	0	6	1	7	5	5	1	4	1	1	20	15	23	21	21	16	41	31	20	9	56	2	15	21	67	26	232	32	71	112	67	5	10	9	3	13	2	12	11	1	0	0	0	0	0	0	7	0	4	1	1	1	5	0	4	1	1	0	1	0
aadA_clust1	837	20	7	1284	516	5	6055	113	13	941	7	1311	9	159	6	30	2	57	3	12	8	3	12	8	2	5	17	11	26	174	5742	831	76	3836	14490	1900	2560	6819	971	709	182	782	2671	615	3642	1667	1227	1709	878	36	33	50	35	9	27	23	44	37	60	27	5111	8	20	15	9	46	35	60	13	14	814	656	653	1013	108	814	1422	467	1640	16	12	10	4	7	223	992	8	212	6	204	16	260	2	932	175	654	0	1381	7
aadA10	0	0	0	1	0	0	0	0	0	0	0	0	0	0	0	0	0	0	0	0	0	0	0	0	0	0	0	0	0	0	0	0	0	0	0	0	0	0	0	55	0	0	1	1	1	0	1	0	0	0	0	0	0	0	0	0	0	0	0	0	0	0	0	0	0	0	0	0	0	0	18	0	1	0	0	0	0	0	0	0	0	0	0	0	0	0	0	0	0	0	0	0	0	0	0	0	0	0	0
aadA13	1	0	0	0	0	0	89	0	0	0	0	72	1	0	0	0	0	0	0	0	0	0	0	0	0	1	0	0	1	10	1	12	4	90	907	134	0	0	0	57	12	48	26	9	15	31	14	61	0	2	0	1	8	1	2	3	3	1	13	2	0	0	2	0	3	1	2	0	0	0	2	13	43	15	10	4	3	2	5	0	0	5	0	0	0	2	0	0	0	0	0	0	1	0	0	0	0	2	0
aadA14	0	0	0	0	0	0	1	0	2	0	0	0	0	0	0	0	0	0	0	0	0	0	0	0	0	0	0	0	3	0	0	0	0	0	0	0	0	0	0	0	3	0	0	0	30	1	1	0	0	0	0	0	0	0	0	0	0	0	1	2	0	0	0	0	0	0	1	0	0	0	0	4	0	1	0	0	0	0	0	1	0	0	0	0	0	0	0	0	0	0	0	0	0	0	0	0	0	0	0
aadA16	0	0	0	0	0	0	0	0	0	0	0	0	0	0	0	0	0	0	0	0	0	0	0	0	0	0	0	0	0	0	0	0	0	0	0	0	0	0	0	0	0	4	0	0	0	0	0	0	0	0	0	0	0	0	0	0	0	0	1	0	0	0	0	0	0	0	0	0	0	0	7	0	0	1	0	0	0	1	0	0	0	0	0	0	0	0	0	0	0	0	0	0	0	0	0	0	0	0	0
aadA2	6	0	0	7	30	0	525	5	1	29	0	4	0	11	0	5	0	2	0	0	1	1	0	0	0	0	0	0	1	3	17	158	6	72	46	35	88	1276	17	167	29	143	417	89	643	216	96	101	172	0	2	6	5	1	2	2	0	4	8	4	663	0	1	1	1	9	0	2	0	2	125	86	93	129	16	137	246	95	238	0	0	0	0	0	14	3	1	8	0	11	0	2	0	32	36	94	0	1	0
aadA4_aadA5	0	0	0	0	3	0	0	1	0	22	1	2	0	0	0	0	0	0	0	0	0	0	1	0	0	0	0	0	0	0	0	0	1	2	8	0	1	1	0	27	3	4	5	6	13	16	50	3	2	0	0	1	0	0	0	0	2	0	0	0	31	0	0	0	0	0	0	0	0	0	19	14	24	103	5	69	438	7	21	0	0	0	0	0	0	1	1	0	0	1	0	0	0	1	0	1	0	0	0
aadA7	0	0	0	0	0	0	0	0	0	1	0	0	0	0	0	2	0	1	0	0	0	0	0	0	0	0	0	0	0	0	0	6	0	1	0	0	0	0	50	57	7	5	46	115	26	27	187	0	1	0	0	1	0	0	0	0	0	0	11	0	5	0	0	0	0	0	0	0	0	0	105	12	5	27	0	0	6	0	1	0	0	0	0	0	0	0	0	0	0	1	0	0	0	0	0	0	0	0	0
aadA9	1	0	0	0	2	1	2	0	0	0	0	0	0	1	0	0	0	0	0	1	0	3	0	0	0	0	1	0	0	0	0	1	0	2	3	1	6	16	4	34	13	49	18	25	21	16	74	2	2	1	0	1	1	1	0	0	1	0	10	0	27	0	1	0	1	0	1	2	0	0	17	27	30	52	5	45	87	33	58	0	0	0	0	0	0	0	0	0	0	0	0	0	0	0	0	4	0	0	0
aadB	0	0	0	0	0	0	0	0	0	0	0	0	0	0	0	0	0	0	0	0	0	0	0	0	0	0	0	0	0	0	0	0	0	0	0	0	0	1	0	0	0	0	0	0	20	1	0	0	0	0	0	0	0	0	0	0	0	0	2	0	0	0	1	0	0	0	0	3	0	2	11	16	1	1	0	0	1	0	1	0	0	0	0	0	0	0	0	0	0	0	0	0	0	0	0	0	0	0	0
aadD	10	0	1	4	8	0	5	4	0	46	0	5	0	27	0	0	0	7	0	0	0	0	0	1	0	0	4	0	0	0	8	122	0	19	12	53	12	145	4	1306	157	286	749	970	162	408	1042	25	13	5	1	0	7	2	0	16	26	1	35	1	72	0	0	0	0	0	2	0	0	2	10	43	9	343	8	101	162	68	86	0	0	0	0	0	8	0	1	0	0	1	0	0	0	110	10	63	0	0	0
aadE_1_KF421157	52	30	51	21	1519	67	23	7	33	3	44	44	43	121	47	10	55	4	44	166	111	277	713	545	302	31	665	1284	75	45	103	213	44	66	33	48	26	62	19	734	41	56	486	139	285	281	544	266	77	201	67	136	244	116	174	177	284	213	160	216	167	53	73	113	88	365	107	82	136	143	367	601	306	986	236	559	200	77	123	73	16	19	29	35	3	15	6	9	27	62	47	55	40	78	9	107	11	47	16
aadE_1_KF864551	401	1248	938	267	291	1254	388	211	1979	208	1143	246	1622	28	786	448	1185	97	1015	1654	1103	649	1150	2140	1427	565	2399	943	767	1790	1153	505	1730	236	1173	239	41	264	90	157	191	67	289	326	311	176	247	192	118	2658	1892	3570	2715	1961	2208	3459	3486	2376	1713	2440	169	2214	3158	2765	2848	2393	3047	2411	2878	4090	515	697	1864	141	814	228	622	854	442	1005	747	1669	958	958	122	501	38	442	1192	162	1618	541	571	538	156	364	658	372	452
aadK	0	0	0	0	0	0	0	0	0	0	0	0	0	0	0	0	0	0	0	0	0	0	0	0	0	0	0	0	0	0	0	0	0	0	0	0	0	0	0	0	0	0	0	0	0	0	0	0	0	0	0	0	0	0	0	0	0	0	0	0	0	0	0	0	0	0	0	0	0	0	0	0	0	1	0	0	1	0	0	0	0	0	0	0	0	0	0	1	0	0	0	0	0	0	0	0	0	0	0
ant(3'')-Ih-aac(6')-IId	0	0	0	0	1	0	1	0	0	1	0	1	0	0	0	0	0	0	0	0	0	0	0	0	0	1	0	0	5	0	32	0	17	2	1	0	2	1	0	17	0	4	9	14	16	0	12	1	0	0	0	0	0	2	0	1	0	0	4	3	6	0	0	0	0	0	0	0	0	1	36	2	3	20	0	3	2	2	24	0	0	0	0	0	0	0	0	0	0	0	0	0	0	0	0	0	0	0	0
ant(6)-Ia	92	69	76	83	435	112	127	37	105	29	60	91	93	37	75	63	99	30	114	151	139	269	719	596	245	46	718	1455	118	393	246	120	239	121	208	117	21	89	28	321	69	46	373	174	514	180	310	132	75	347	191	454	563	304	386	524	574	462	290	225	94	166	137	411	103	577	135	203	154	348	206	354	456	586	313	185	219	185	121	70	32	42	34	64	22	78	15	84	49	48	114	93	39	228	31	147	36	61	28
ant(6)-Ib	43	393	163	13	8	196	80	28	432	52	132	31	367	5	158	16	233	10	152	872	496	514	417	869	866	74	509	200	252	157	51	27	320	10	12	18	3	14	2	2	10	0	7	3	12	1	18	7	3	421	443	527	694	312	433	723	632	455	242	305	9	267	273	378	455	326	438	404	339	672	73	35	137	22	119	20	25	83	22	190	88	278	147	194	14	29	5	43	120	35	557	37	134	68	14	44	111	66	178
aph(2'')-Ib	6	4	1	3	4	3	5	2	2	2	0	3	0	0	1	1	5	1	0	3	1	1	3	3	4	3	2	13	3	26	15	4	2	1	6	3	0	1	3	2	8	0	8	12	12	0	3	5	2	27	19	55	33	29	17	40	57	30	27	101	1	33	51	180	68	504	52	140	193	160	4	8	19	3	8	4	16	12	4	0	0	0	0	0	0	8	0	3	12	0	4	6	0	7	1	1	1	1	0
aph(2'')-Ic	0	0	0	0	0	0	0	0	0	0	0	0	0	0	0	1	0	1	0	0	0	0	0	1	1	0	0	5	2	0	0	0	0	15	0	0	0	0	0	111	5	39	40	62	53	56	69	56	21	4	1	370	8	5	0	6	2	6	9	4	1	2	1	9	1	55	1	3	8	3	0	0	1	13	1	0	7	0	0	0	0	0	0	0	0	0	0	0	0	0	0	0	0	0	0	0	0	0	0
aph(2'')-Id_aph(2'')-Ie	2	0	0	0	3	0	0	1	0	4	0	1	0	0	0	1	0	1	0	0	0	0	0	0	0	0	0	0	0	4	23	2	1	1	5	2	0	2	0	2	1	3	1	11	11	3	8	1	2	0	0	0	0	0	0	0	0	0	0	0	0	0	0	0	0	0	0	0	0	0	4	2	4	1	3	1	3	3	0	0	0	0	0	0	0	1	2	2	0	0	0	1	0	3	2	0	0	0	0
aph(2'')-If	1	1	0	0	1	0	0	2	2	5	0	0	0	0	0	1	1	0	0	3	0	1	0	1	1	1	0	1	0	12	1	1	2	0	1	0	0	0	0	4	2	1	2	1	6	0	1	1	1	1	3	5	0	0	1	1	1	3	3	3	0	7	6	14	6	26	1	12	30	6	0	2	8	2	5	2	1	1	3	0	0	0	0	0	3	10	1	1	0	1	1	2	0	1	1	0	0	0	0
aph(2'')-Ih	0	1	1	0	1	1	0	2	2	1	18	2	1	0	1	1	2	0	2	1	2	0	0	0	1	0	2	2	1	24	2	1	1	0	0	11	1	0	0	2	2	0	2	2	4	1	2	2	0	6	0	1	2	4	6	2	3	6	0	9	0	21	39	168	27	89	132	43	156	110	0	1	11	0	3	0	1	3	0	1	0	2	0	1	0	1	0	1	1	0	0	0	0	2	1	1	0	0	0
aph(3')-Ia_aph(3')-Ic	58	0	0	8	223	0	81	8	3	7	0	1	0	32	0	2	0	8	0	4	0	2	0	1	1	0	0	0	9	138	15	102	6	51	282	76	627	9	56	57	26	62	281	168	1443	176	73	83	56	2	5	0	6	0	0	0	3	0	53	0	391	0	1	3	1	0	1	2	0	1	55	28	10	214	209	122	41	34	181	0	0	0	0	1	3	2	3	7	0	3	0	2	0	82	11	48	0	4	0
aph(3')-IIa	0	0	0	0	0	0	0	0	0	0	0	0	0	0	0	0	0	0	0	0	0	0	0	0	0	0	0	0	0	0	0	0	0	0	0	0	0	0	0	0	0	55	0	0	0	0	0	0	0	1	0	0	0	0	0	0	0	0	0	0	0	0	0	0	0	0	0	0	0	0	0	0	0	0	0	0	0	0	0	0	0	0	0	0	0	0	0	0	1	0	0	0	0	0	0	0	0	0	0
aph(3')-IIb	0	0	0	0	0	0	0	0	0	0	0	0	0	0	0	0	0	0	0	0	0	0	0	0	0	0	0	0	0	1	0	0	0	0	0	1	0	0	0	0	0	0	0	0	0	1	0	0	0	0	0	0	0	0	0	0	0	0	0	0	0	0	0	0	0	0	0	0	0	0	1	0	0	0	0	0	0	0	0	0	0	0	0	0	0	0	0	0	0	0	0	0	0	0	0	0	0	0	0
aph(3')-IIc_sph	0	0	0	0	0	0	0	0	0	0	0	0	0	0	0	0	0	0	0	0	0	0	0	0	0	1	0	0	0	0	0	0	0	0	0	0	0	0	0	0	0	0	0	0	0	0	0	0	0	0	0	0	0	0	0	0	0	0	0	0	0	0	0	0	0	0	0	0	0	0	1	0	0	0	0	0	0	0	0	0	0	0	0	0	0	0	0	0	0	0	0	0	0	0	0	0	0	0	0
aph(3')-III	219	110	140	303	446	115	283	126	151	122	87	176	161	18	80	157	185	69	176	431	238	303	978	848	303	92	1087	1317	281	1130	625	338	621	349	859	287	48	479	130	176	99	60	346	322	3345	183	251	139	156	1777	2094	2446	1586	1851	1158	1828	2574	2619	791	405	116	208	253	1662	186	1217	395	560	565	3783	268	380	924	530	567	132	413	420	182	182	103	115	63	144	86	187	46	266	172	137	175	241	83	418	96	231	68	141	72
aph(3')-Va	0	0	0	0	0	0	0	0	0	0	0	0	0	0	0	0	0	0	0	0	0	0	0	0	0	0	0	0	0	0	0	0	0	0	0	0	0	0	0	0	0	0	0	0	0	0	0	0	0	0	0	0	0	0	0	0	0	0	0	0	0	0	0	0	0	0	0	0	0	0	0	0	0	0	0	1	1	0	0	0	0	0	0	0	0	0	0	0	0	0	0	0	0	0	0	0	0	0	0
aph(3')-Vb	0	0	0	0	0	0	0	0	0	0	0	0	0	0	0	0	0	0	0	0	0	0	0	0	0	0	0	0	0	0	0	0	0	0	0	0	0	1	0	0	0	0	0	0	0	0	0	0	0	0	0	0	0	0	0	0	0	0	0	0	0	0	0	0	0	0	0	0	0	0	0	0	0	0	0	0	0	0	0	0	0	0	0	0	0	0	0	0	0	0	0	0	0	0	0	0	0	0	0
aph(3')-VI	0	0	0	0	0	0	0	0	0	0	0	0	0	0	0	0	0	0	0	2	0	0	0	0	0	0	0	0	0	0	0	0	0	0	0	0	0	0	0	0	0	0	0	0	0	0	0	0	0	0	0	0	0	0	0	0	0	0	0	0	0	0	0	0	0	0	0	0	0	0	0	0	0	0	0	0	0	0	0	0	0	0	0	0	0	0	0	0	0	0	0	0	0	0	0	0	0	0	0
aph(3')-VIIa	0	0	0	0	0	0	0	0	0	0	0	0	0	0	0	0	0	0	0	0	0	0	0	0	0	0	0	0	0	0	0	0	5	0	0	0	0	0	0	0	0	0	0	0	0	0	0	1	0	0	0	0	0	0	0	0	0	0	0	0	0	0	0	0	0	0	0	0	0	0	0	0	1	0	0	0	2	3	1	0	0	0	0	0	0	0	0	0	0	0	0	0	0	0	0	0	0	0	0
aph(4)-Ia	1	0	0	6	3	0	34	0	0	0	0	0	0	0	0	9	0	0	0	1	0	1	0	0	0	0	0	0	1	0	1	2	3	1	0	1	2	0	3	2945	504	3804	4264	2011	6541	3117	3837	26	28	0	0	0	1	0	1	0	0	1	19	0	3	0	2	3	1	0	0	3	0	6	5	3	0	47	16	2	261	0	9	0	0	0	0	0	0	0	0	9	0	0	0	0	0	0	0	0	0	0	0
aph(4)-Ib	0	0	0	0	0	0	0	0	0	0	0	0	0	0	0	0	0	0	0	0	0	0	0	0	0	0	0	0	0	0	0	0	0	0	0	0	0	0	0	0	0	0	0	0	0	0	3	0	0	0	0	0	0	0	0	0	0	0	0	0	0	0	0	0	0	0	0	0	0	0	0	0	0	0	0	0	0	0	0	0	0	0	0	0	0	0	0	0	0	0	0	0	0	0	0	0	0	0	0
aph(6)-Ia	0	0	0	0	0	0	0	0	0	0	0	0	0	0	0	0	0	0	0	0	0	0	0	0	0	0	0	0	0	0	0	0	0	0	0	0	0	0	0	4	0	0	0	0	0	0	0	0	0	0	0	0	0	0	0	0	0	0	0	0	0	0	0	0	0	0	0	0	0	0	0	0	0	0	0	0	0	0	0	0	0	0	0	0	0	0	0	0	0	0	0	0	0	0	0	0	0	0	0
aph(6)-Ic	0	0	0	0	0	0	0	0	0	0	0	0	0	0	0	0	0	0	0	0	0	0	0	0	0	0	0	0	0	0	0	0	0	0	0	0	0	0	0	0	0	0	0	0	0	0	1	0	0	0	0	0	0	0	0	0	0	0	0	0	0	0	0	0	0	0	0	0	0	0	0	0	0	0	0	0	0	0	0	0	0	0	0	0	0	0	0	0	0	0	0	0	0	0	0	0	0	0	0
ARR_clust	0	0	0	0	0	0	0	0	0	0	0	0	0	0	0	0	0	0	0	0	0	0	0	0	0	0	0	0	0	0	1	0	0	0	0	0	0	1	0	0	0	1	2	0	15	0	0	0	0	0	0	0	0	0	0	0	0	0	0	0	1	0	0	0	0	0	0	0	0	0	0	0	0	0	0	0	0	0	3	0	0	0	0	0	0	0	0	0	0	0	0	0	0	0	0	0	0	0	0
blaACI-1	0	212	122	0	0	166	0	0	190	0	163	0	181	0	248	0	108	0	129	133	140	82	98	84	126	254	39	123	265	0	0	0	0	0	0	0	0	0	0	1	0	1	0	1	0	0	4	0	0	860	540	509	368	193	218	324	419	375	165	367	0	413	566	549	464	445	702	888	409	913	0	0	0	0	1	0	0	0	0	362	65	49	79	61	0	0	0	0	84	0	138	0	55	0	0	0	20	0	55
blaACT_clust	23	0	0	77	29	0	142	0	0	11	0	31	0	7	1	15	0	9	0	0	0	0	1	0	0	1	0	0	0	2	204	15	2	117	816	33	103	179	61	71	8	27	71	12	115	47	37	81	16	0	0	0	0	0	0	0	0	0	0	0	100	0	0	0	0	0	0	0	0	0	0	17	6	21	4	9	17	5	34	0	0	0	0	0	20	60	3	10	0	23	0	34	0	10	107	16	0	128	0
blaACT_CMG_MIR_clust	0	0	0	8	0	0	4	0	0	1	0	2	0	0	0	2	0	0	0	0	0	0	0	0	0	1	0	0	0	0	11	0	1	7	46	5	8	5	7	0	0	4	5	6	7	1	1	7	0	0	0	0	0	0	0	1	0	0	0	0	4	0	0	0	0	0	0	0	0	0	0	2	0	0	0	0	2	0	7	0	0	0	0	0	2	2	1	0	0	0	0	2	0	2	10	1	0	6	0
blaACT-12	0	0	0	0	0	0	3	0	0	0	0	0	0	0	0	0	0	0	0	0	0	0	0	0	0	0	0	0	0	0	0	0	1	0	9	0	0	0	0	1	0	1	0	1	3	0	1	0	0	0	0	0	0	0	0	0	0	0	0	0	3	0	0	0	0	0	0	0	0	0	0	0	0	0	0	0	1	0	0	0	0	0	0	0	0	0	0	0	0	0	0	0	0	0	2	0	0	0	0
blaACT-9	43	0	0	30	31	0	87	12	0	49	0	64	0	4	0	12	0	2	0	0	0	0	0	1	0	0	0	0	0	2	4	9	8	369	1225	184	64	80	281	44	8	156	61	13	112	42	55	94	20	1	0	0	0	0	0	0	0	3	0	0	158	0	0	0	0	1	0	0	0	0	4	12	10	24	2	15	18	9	23	1	0	0	0	0	54	47	6	48	0	32	0	46	0	39	78	6	0	105	0
blaADC-25	0	0	0	0	0	0	0	0	0	0	0	0	0	0	0	0	0	0	0	0	0	0	0	0	0	0	0	0	0	0	0	0	0	0	0	0	0	0	0	0	0	0	0	0	0	0	0	0	0	0	0	0	0	0	0	0	0	0	0	0	0	0	0	0	0	0	0	0	0	0	0	0	0	0	0	0	0	0	0	0	0	0	0	0	0	0	0	1	0	0	0	0	0	0	0	0	0	0	0
blaCARB_clust1	0	0	0	0	0	0	0	0	0	0	0	0	0	1	0	0	0	0	0	0	0	0	0	0	0	0	0	0	0	0	0	0	0	0	0	0	0	0	21	4	0	0	34	5	11	6	1	0	3	0	0	0	0	0	0	0	0	0	0	0	0	0	0	0	0	0	0	0	0	0	4	14	1	3	0	0	0	3	0	0	0	0	0	0	0	0	0	0	0	0	0	0	0	14	0	6	0	0	0
blaCARB_clust2	0	0	0	0	0	0	0	0	0	0	0	0	0	0	0	0	0	0	0	11	1	0	0	1	3	0	0	0	2	0	0	0	0	0	0	0	0	0	0	0	0	2	0	2	1	0	2	0	0	0	0	0	5	0	0	0	0	0	0	0	1	0	0	0	0	0	0	0	0	0	7	6	3	0	0	0	0	0	0	0	0	0	0	0	0	0	0	0	0	0	0	0	0	0	0	0	0	0	0
blaCARB-4	0	0	0	0	0	0	0	0	0	0	0	0	0	0	0	0	0	0	0	0	0	0	0	0	0	0	0	0	0	0	0	0	0	0	0	0	0	0	0	0	0	0	0	0	0	0	0	0	0	0	0	0	0	0	0	0	0	0	0	0	0	0	0	0	0	0	1	0	0	0	4	0	0	0	0	0	0	0	0	0	0	0	0	0	0	0	0	0	0	0	0	0	0	0	0	0	0	0	0
blaCFE	0	0	0	0	0	0	0	0	0	0	0	0	0	0	0	0	0	0	0	0	0	0	0	0	0	0	0	0	0	0	0	0	0	0	0	0	0	1	0	0	0	0	0	0	0	0	0	0	0	0	0	0	0	0	0	0	0	0	0	0	0	0	0	0	0	0	0	0	0	0	0	0	0	0	0	0	0	0	0	0	0	0	0	0	0	0	0	0	0	0	0	0	0	0	0	0	0	0	0
blaCMY_blaBIL_blaLAT	43	0	0	73	37	0	147	5	0	20	0	47	0	3	1	5	0	3	0	0	0	0	1	0	0	0	0	0	0	2	135	16	9	291	1011	146	143	191	124	207	10	816	78	16	246	77	45	110	26	0	0	1	1	0	0	0	0	0	0	0	120	0	0	0	0	0	0	0	0	0	8	66	143	48	2	15	40	4	50	2	0	0	0	0	52	53	8	40	0	21	0	66	0	26	169	13	0	180	0
blaCTX-M_clust1	0	0	0	0	0	0	286	33	0	0	0	281	0	0	0	0	0	0	0	0	0	1	0	0	0	0	0	0	0	0	0	0	1	5	0	0	0	0	0	15	40	8	7	5	61	71	2	258	1	0	0	0	0	0	0	0	0	0	0	0	8	0	0	0	0	0	0	0	0	0	0	0	2	0	0	0	621	104	1	0	0	0	0	0	1	10	0	0	0	0	0	1	0	1	0	0	0	0	0
blaCTX-M_clust2	0	0	0	0	0	0	0	0	0	0	0	0	0	0	0	0	0	0	0	0	0	0	0	0	0	0	0	0	0	0	0	0	0	0	0	0	0	0	0	0	0	0	0	0	0	0	3	468	0	0	4	0	0	0	0	0	0	0	0	0	0	0	0	0	0	0	0	0	0	0	0	0	0	0	0	0	0	0	0	0	0	0	0	0	0	0	0	0	0	0	0	0	0	0	0	0	0	0	0
blaCTX-M_clust5	0	0	0	0	0	0	0	0	0	0	0	0	0	0	0	0	0	0	0	0	0	0	0	0	0	0	0	0	0	0	0	0	0	0	0	0	0	0	0	0	0	0	0	0	0	0	0	2	0	0	0	0	0	0	0	0	0	0	0	0	0	0	0	0	0	0	0	0	0	0	0	0	0	0	0	0	0	0	0	0	0	0	0	0	0	0	0	0	0	0	0	0	0	0	0	0	0	0	0
blaDHA_MOR	0	0	0	0	0	0	0	0	0	0	0	0	0	0	0	0	0	0	0	0	0	0	0	0	0	0	0	0	0	0	0	0	0	0	0	0	0	0	0	0	0	0	0	0	0	0	0	0	0	0	0	0	0	0	0	0	0	0	0	0	0	0	0	0	0	0	0	0	0	0	0	1	0	0	0	0	0	0	0	0	0	0	0	0	0	0	0	0	0	0	0	0	0	0	0	0	0	0	0
blaEBR-1	0	0	0	0	0	0	0	0	0	0	0	0	0	0	0	0	0	0	0	0	0	0	0	0	0	0	0	0	1	0	0	0	0	0	0	0	0	0	0	0	0	0	0	0	0	0	0	0	0	0	0	0	0	0	0	0	0	0	0	0	0	0	0	0	0	0	0	0	0	0	0	0	0	0	0	0	0	0	0	0	0	0	0	0	0	0	0	0	0	0	0	0	0	0	0	0	0	0	0
blaGES-23	0	0	0	0	0	0	0	0	0	0	0	0	0	0	0	0	0	0	0	0	0	0	0	0	0	0	0	0	0	0	0	0	0	0	0	0	1	0	0	0	0	0	0	0	0	0	0	0	0	0	0	0	0	0	0	0	0	0	0	0	0	0	0	0	0	0	0	0	0	0	0	0	0	0	0	0	0	0	0	0	0	0	0	0	0	0	0	0	0	0	0	0	0	0	0	0	0	0	0
blaIMP_clust4	0	0	0	1	0	0	0	0	0	0	0	0	0	0	0	0	0	0	0	0	0	0	0	0	0	0	0	0	0	0	0	0	0	0	0	0	0	0	0	0	1	0	0	0	0	0	0	0	0	0	0	0	0	0	0	0	0	0	0	0	0	0	0	0	0	0	0	0	0	0	0	0	0	0	0	0	0	0	0	0	0	0	0	0	0	0	0	0	0	0	0	0	0	0	0	0	0	0	0
blaIMP_clust6	0	0	0	0	0	0	0	0	0	0	0	0	0	0	0	0	0	0	0	0	0	0	0	0	0	0	0	0	0	0	0	0	0	0	0	0	0	0	0	0	0	0	0	0	1	0	0	0	0	0	0	0	0	0	0	0	0	0	0	0	0	0	0	0	0	0	0	0	0	0	0	0	0	0	0	0	0	0	0	0	0	0	0	0	0	0	0	0	0	0	0	0	0	0	0	0	0	0	0
blaL1	0	0	0	0	0	0	0	0	0	0	0	0	0	0	0	0	0	0	0	0	0	0	0	0	0	0	0	0	0	0	0	0	0	0	0	0	1	0	0	0	0	0	0	0	0	0	0	0	0	0	0	0	0	0	0	0	0	0	0	0	0	0	0	0	0	0	0	0	0	1	0	0	0	0	0	0	0	0	0	0	0	0	0	0	0	0	0	0	0	0	0	0	0	0	0	0	0	0	0
blaMIR_clust	1	0	0	0	0	0	0	0	0	0	0	0	0	0	0	0	0	0	0	0	0	0	0	0	0	0	0	0	0	0	0	0	0	0	0	0	0	0	0	0	0	0	0	0	0	0	0	0	0	0	0	0	0	0	0	0	0	0	0	0	0	0	0	0	0	0	0	0	0	0	0	0	0	0	0	0	0	0	0	0	0	0	0	0	0	0	0	0	0	0	0	0	0	0	1	0	0	0	0
blaMOX_clust	0	0	0	0	0	0	0	0	0	0	0	0	0	0	0	0	0	0	0	0	0	0	0	0	0	0	0	0	0	0	0	0	0	0	0	0	0	0	0	0	0	1	0	0	0	0	0	0	0	0	0	0	0	0	0	0	0	0	0	0	0	0	0	0	0	0	0	0	0	0	0	0	0	0	0	0	0	0	0	0	0	0	0	0	0	0	0	0	0	0	0	0	0	0	0	0	0	0	0
blaOKP_clust	0	0	0	0	0	0	0	0	0	0	0	0	0	0	0	0	0	0	0	0	0	0	0	0	0	0	0	0	0	0	0	0	0	0	0	0	0	0	0	0	0	0	0	0	0	0	0	0	0	0	0	0	0	0	0	0	0	0	0	0	0	0	0	0	0	0	0	0	0	0	0	0	0	0	0	0	0	0	0	0	0	0	0	0	0	0	0	0	0	0	0	0	0	0	0	0	0	0	0
blaOXA_clust1	0	0	0	0	0	0	0	0	1	0	0	0	0	0	0	0	0	0	0	0	0	0	0	0	0	0	0	0	9	0	0	0	0	0	0	0	0	0	0	0	0	0	5	0	16	1	0	0	0	0	0	0	0	0	0	0	0	0	0	0	0	0	0	0	0	0	0	0	0	0	0	0	0	0	0	0	0	0	6	0	0	0	0	0	0	0	0	0	0	0	0	0	0	0	0	0	0	0	0
blaOXA_clust11	0	0	0	0	0	0	0	0	0	0	0	0	0	0	0	0	0	0	0	0	0	0	0	0	0	0	0	0	2	0	0	0	0	0	0	0	0	0	0	0	0	0	0	0	0	0	0	0	0	0	0	0	0	0	0	0	0	0	0	0	0	0	0	0	0	0	0	0	0	1	0	0	0	0	0	0	0	0	0	0	0	0	0	0	0	0	0	0	0	0	0	0	0	0	0	0	0	0	0
blaOXA_clust12	0	0	0	0	0	0	0	0	0	0	0	0	0	0	0	0	0	0	0	0	0	0	0	0	0	0	0	0	0	0	0	0	0	0	0	0	0	0	0	0	0	0	0	1	0	0	0	0	0	0	0	0	0	0	0	0	0	0	0	0	0	0	0	0	0	0	0	0	0	0	0	0	0	0	0	0	0	0	0	0	0	0	0	0	0	0	0	0	0	0	0	0	0	0	0	0	0	0	0
blaOXA_clust15	0	0	0	0	0	0	0	0	0	0	0	0	0	0	0	0	0	0	0	0	0	0	0	0	0	0	0	0	0	0	0	0	0	0	0	0	0	0	0	0	0	0	0	0	0	0	0	0	0	0	0	0	0	0	0	0	0	0	0	0	0	0	0	0	0	0	0	0	0	0	0	0	0	0	0	0	0	0	0	0	0	0	0	0	0	0	0	0	1	0	0	0	0	0	0	0	0	0	0
blaOXA_clust16	0	0	0	0	0	0	0	0	0	0	0	0	0	0	0	0	0	0	0	0	0	0	0	0	0	0	0	0	0	0	0	1	0	0	0	0	0	0	0	0	0	0	0	0	0	0	0	0	0	0	0	0	0	0	0	0	0	0	0	0	0	0	0	0	0	0	0	0	0	0	0	0	0	0	0	0	0	0	0	0	0	0	0	0	0	0	0	0	0	0	0	0	0	0	0	0	0	0	0
blaOXA_clust18	0	0	0	0	0	0	0	0	0	0	0	0	0	0	0	0	0	0	0	0	0	0	0	0	0	0	0	0	0	0	0	0	0	0	0	0	0	0	0	0	0	0	0	3	0	0	0	0	0	0	0	0	0	0	0	0	0	0	0	0	0	0	0	0	0	0	0	0	0	0	0	0	0	0	0	0	0	0	0	0	0	0	0	0	0	0	0	0	0	0	0	0	0	0	0	0	0	0	0
blaOXA_clust20	0	0	0	0	0	0	0	0	0	0	0	0	0	0	0	0	0	0	0	0	0	0	0	0	0	0	0	0	0	0	0	0	0	0	0	0	0	0	0	0	0	0	0	7	0	2	0	0	0	0	0	0	0	0	0	0	0	0	0	0	1	3	0	0	0	0	0	0	0	0	0	0	2	21	0	0	0	0	0	0	0	0	0	0	0	0	0	0	0	0	0	0	0	0	0	0	0	0	0
blaOXA_clust21	0	0	0	0	0	0	0	0	0	0	0	0	0	0	0	0	0	0	0	0	0	0	0	0	0	0	0	0	2	0	0	0	0	0	0	0	0	0	0	0	0	0	0	0	0	0	0	0	0	0	0	0	0	0	0	0	0	0	0	0	2	0	0	0	0	0	0	0	0	0	0	0	0	0	0	0	0	0	0	0	0	0	0	0	0	0	0	0	0	0	0	0	0	0	0	0	0	0	0
blaOXA_clust5	0	0	0	0	0	0	0	0	0	0	0	0	0	0	0	0	0	0	0	0	0	0	0	0	0	0	0	0	2	0	0	0	0	0	0	0	0	0	0	0	0	0	0	0	0	0	0	0	0	0	0	0	0	0	0	0	0	0	0	0	0	1	0	0	0	0	0	0	0	0	0	0	0	0	0	0	0	0	0	0	0	0	0	0	0	0	0	0	0	0	0	0	0	0	0	0	0	0	0
blaOXA_clust6	0	0	0	0	0	0	0	0	0	0	0	0	0	0	0	0	0	0	0	0	0	0	0	0	0	0	0	0	0	0	0	0	0	0	0	0	0	0	0	1	0	0	0	0	1	1	0	0	1	8	3	3	0	1	0	2	0	1	2	1	0	0	0	3	0	2	11	4	2	4	0	3	0	1	0	0	0	0	0	0	0	0	0	0	0	0	0	0	2	0	2	0	1	0	0	0	0	0	0
blaOXA-209	0	0	0	0	0	0	0	1	0	0	0	0	0	0	0	1	0	0	0	0	0	0	0	0	0	0	0	0	0	0	0	2	0	0	0	0	0	16	0	0	0	0	0	16	0	0	0	0	0	0	0	0	0	0	0	0	0	0	0	0	0	0	0	0	0	0	0	0	0	0	3	11	0	1	0	0	1	1	0	0	0	0	0	0	0	0	0	0	0	0	0	0	0	0	0	0	0	0	0
blaOXA-347	1	0	0	0	0	0	0	12	0	0	0	4	0	0	0	19	0	0	0	0	0	0	0	0	0	0	0	0	0	0	0	3	1	0	0	0	2	91	0	0	0	0	0	108	3	0	0	0	0	2	0	0	1	0	0	0	0	0	7	1	1	0	0	0	3	1	4	0	1	0	40	87	0	22	0	0	11	11	8	0	0	0	0	0	0	0	0	0	0	0	0	1	0	0	0	0	0	0	0
blaOXA-50	0	0	0	1	0	0	0	0	0	0	0	0	0	0	0	0	0	0	0	0	0	0	0	0	0	0	0	0	0	0	0	0	0	0	0	0	0	0	0	0	0	0	0	0	0	0	0	0	0	0	0	0	0	0	0	0	0	0	0	0	0	0	0	0	0	0	0	0	0	0	0	0	0	0	0	0	0	0	0	0	0	0	0	0	0	0	0	0	0	1	0	0	0	0	0	0	0	0	0
blaOXA-61	0	5	2	0	5	5	0	0	19	0	3	0	3	0	36	6	0	23	1	1	1	1	1	5	5	14	0	3	0	0	2	0	0	0	2	2	0	3	3	1	1	4	1	45	11	30	16	2	1	48	18	4	5	1	4	12	13	10	1	44	221	21	16	38	43	2	36	44	33	22	95	0	0	0	10	61	36	26	78	1	18	6	30	8	245	0	0	0	25	70	87	0	46	0	0	0	3	0	1
blaOXA-85	0	0	2	0	0	0	0	0	1	0	0	0	0	0	1	0	0	0	0	0	0	0	0	0	0	1	0	0	0	0	0	0	0	0	0	0	0	0	0	0	0	0	0	0	0	0	0	0	0	1	0	1	0	0	0	0	0	1	0	2	0	1	3	0	1	0	0	1	0	2	0	0	0	0	0	0	0	0	0	2	1	3	2	3	0	0	0	0	1	0	20	0	7	0	0	0	1	0	2
blaOXY_clust1	0	0	0	0	0	0	0	0	0	0	0	0	0	0	0	0	0	0	0	0	0	0	0	0	0	0	0	0	0	0	0	0	0	0	0	0	0	0	0	0	0	0	0	0	0	1	0	0	0	0	0	0	0	0	0	0	0	0	0	0	0	0	0	0	0	0	0	0	0	0	0	0	0	0	0	0	0	0	0	0	0	0	0	0	0	0	0	0	0	0	0	0	0	0	0	0	0	0	0
blaPAO	0	0	0	0	0	0	1	1	0	0	0	0	0	0	0	0	0	0	0	0	0	0	0	0	0	0	0	0	0	0	0	0	0	2	1	0	0	0	0	0	0	0	0	0	0	0	1	0	0	0	0	0	0	0	0	0	0	0	0	0	0	0	0	0	0	0	0	0	0	0	0	0	0	0	0	0	0	0	0	0	0	0	0	0	0	0	0	0	0	1	0	0	0	0	0	1	0	0	0
blaROB-1	0	0	0	0	0	0	0	0	2	0	0	0	0	0	1	0	0	0	0	1	1	2	0	0	0	0	0	0	0	0	0	0	0	0	0	0	0	0	0	0	0	0	0	0	0	0	0	0	0	0	5	5	1	0	1	0	4	1	2	6	0	8	10	9	3	4	21	6	19	50	0	0	0	0	0	0	0	0	0	11	0	0	0	0	0	0	0	0	0	0	0	0	0	0	0	0	1	0	0
blaSHV_clust	0	0	0	0	0	0	0	0	0	0	0	0	0	0	0	0	0	0	0	0	0	0	0	0	0	0	0	0	0	0	0	0	0	1	9	2	0	0	0	0	31	5	830	15	10	143	578	320	620	1	0	1	0	0	0	0	0	0	0	0	13	0	0	0	0	0	0	0	0	0	0	1	1	1	3	3	11	17	6	0	0	0	0	0	1	0	0	0	0	0	0	0	0	0	0	0	0	0	0
blaTEM_clust	1840	0	0	1996	450	143	7151	142	3	1047	1	1629	1	228	3	18	1	121	0	0	0	2	2	2	1	1	1	5	10	121	4856	313	130	9659	26139	3024	4691	2178	299	2852	162	3409	1771	757	4135	2513	2086	3233	520	21	14	11	31	0	10	1	6	23	8	5	7998	0	5	1	1	27	7	6	0	10	202	1396	1081	801	354	387	1607	146	4569	20	5	5	12	7	975	2413	11	797	0	386	0	462	1	723	366	281	1	3337	0
blaZ_clust	2	0	0	3	0	0	2	2	0	2	0	1	0	0	0	0	0	2	0	1	0	0	0	0	0	0	0	2	0	3	4	43	2	9	3	49	30	1	17	7	0	4	2	1	0	4	11	1	4	0	0	0	0	0	0	0	1	0	0	0	17	0	0	0	0	0	0	0	0	0	1	4	1	4	0	38	19	37	40	0	0	0	0	0	21	156	0	2	0	5	0	5	0	0	8	0	0	0	0
car(A)	0	0	0	0	1	0	0	0	0	1	0	0	0	1	0	1	0	0	0	0	0	0	0	0	0	0	0	0	0	1	0	1	0	3	2	0	2	1	0	1	1	1	3	3	2	2	5	1	2	0	0	0	0	0	0	0	0	0	0	0	3	0	0	0	0	0	0	0	0	0	1	0	1	8	0	2	2	0	0	0	0	0	0	0	2	0	0	0	0	1	0	0	0	1	1	2	0	0	0
cat_1	0	0	0	3	0	0	1	0	0	2	0	0	0	0	0	0	0	0	0	0	0	0	0	0	0	0	0	0	0	0	0	0	0	0	0	7	0	1	20	0	3	1	3	0	8	0	0	1	4	0	0	0	0	0	0	0	0	0	0	0	3	0	0	0	0	0	1	0	0	0	0	0	1	0	0	4	0	0	4	0	0	0	0	0	0	0	0	0	0	1	0	0	0	0	0	0	0	0	0
cat_2	1	3	2	0	0	2	0	0	16	1	8	0	6	0	13	0	8	0	4	3	1	1	6	13	4	0	23	2	1	4	0	1	0	0	1	0	0	0	0	0	0	0	0	5	0	0	3	0	0	12	65	46	25	6	5	28	45	18	6	487	16	653	2329	4911	1009	483	259	2187	1180	1291	23	14	29	2	19	19	46	23	11	0	0	0	0	0	0	1	0	0	3	0	1	0	0	3	2	0	0	0	0
cat_3	4	0	0	11	1	0	7	7	0	4	0	4	0	0	0	6	1	2	0	0	0	0	0	0	0	0	0	0	0	18	0	5	32	9	14	6	1	2	2	4	1	1	20	14	5	3	10	0	6	1	0	0	0	0	0	0	0	0	0	0	15	0	0	0	0	0	1	1	0	0	39	25	131	9	62	15	81	117	40	0	1	0	2	2	2	45	4	44	0	10	0	17	0	10	2	38	2	4	0
cat_clust	0	0	0	4	0	0	2	0	0	2	0	0	0	7	0	0	0	0	0	0	0	0	0	0	2	0	0	0	2	0	14	12	0	9	4	38	7	14	2	7	6	3	17	1	21	4	18	57	6	1	0	0	0	0	0	1	1	0	2	0	9	0	0	0	1	0	0	0	0	13	1	4	3	3	0	38	13	13	44	0	0	0	0	0	0	18	1	1	0	0	1	0	0	0	2	60	0	0	0
cat(pC194)	32	3	1	20	5	3	3	63	1	30	1	53	0	820	10	7	0	113	2	0	0	1	16	0	14	3	4	0	1	45	3	134	44	36	19	6	7	8	7	15	62	28	55	65	14	25	51	44	155	2	2	2	2	1	1	4	2	3	2	42	303	152	282	673	188	141	75	569	200	264	278	384	15	516	185	174	348	218	209	0	0	0	0	0	1	1	1	4	0	142	0	1	0	0	0	4	0	1	0
cat(pC221)	0	0	0	0	0	0	0	0	0	0	0	0	0	2	0	0	0	0	0	0	0	0	0	0	0	0	0	0	0	0	3	7	0	6	1	0	1	0	1	3	0	3	13	2	1	10	6	16	5	0	0	0	0	0	0	0	0	0	0	0	46	0	3	1	1	0	0	1	0	0	1	21	13	4	11	46	56	60	46	0	0	0	0	0	26	0	0	0	0	0	0	0	0	0	0	0	0	0	0
catA1	6	0	0	1	1	0	26	0	0	26	0	3	0	0	0	0	0	3	0	0	0	0	2	0	0	0	0	0	0	2	0	3	5	0	607	12	0	1	1	0	5	20	28	5	381	243	49	60	31	0	0	1	1	1	0	0	1	0	0	1	412	0	1	4	0	1	0	1	0	1	13	1	8	0	2	22	0	14	100	0	0	0	0	0	0	0	0	7	0	0	0	0	0	0	0	0	2	0	0
catA2	0	0	0	0	0	0	0	1	0	0	0	0	0	0	0	0	0	0	0	0	0	0	0	0	0	0	0	0	0	0	0	0	0	0	0	0	0	0	0	0	0	0	1	0	278	0	13	0	0	0	0	0	0	0	0	0	0	0	0	0	0	0	0	0	0	0	0	0	0	0	0	0	252	0	0	0	0	4	0	0	0	0	0	0	0	0	0	0	0	0	0	0	0	0	0	0	0	0	0
catA3	0	0	0	0	0	0	0	0	1	0	0	0	0	0	0	0	0	0	0	0	0	0	0	0	0	0	0	0	0	0	0	0	0	0	0	0	0	0	0	0	0	0	0	0	0	0	0	0	0	0	0	0	0	0	0	0	0	0	0	0	0	0	1	2	0	0	0	0	0	0	2	0	0	0	0	0	0	0	0	0	0	0	0	0	0	0	0	0	0	0	0	0	0	0	0	0	0	0	0
catB1	0	1	0	0	0	0	0	0	1	0	0	0	1	0	0	0	1	0	1	0	0	0	0	0	0	0	0	1	0	0	0	0	0	0	0	0	0	0	0	0	0	0	0	0	0	0	0	0	0	2	1	0	2	0	1	3	0	2	0	1	0	0	1	0	1	0	1	5	0	1	0	0	0	0	0	0	0	1	0	0	0	0	0	0	0	0	0	0	0	0	2	0	0	0	0	0	0	0	0
catB10	0	0	0	0	0	0	0	0	0	0	0	0	0	0	0	0	0	0	0	0	0	0	0	0	0	0	0	0	0	0	0	0	0	0	0	0	0	0	0	0	0	0	0	0	2	0	7	0	0	0	0	0	0	0	0	0	0	0	0	0	0	0	0	0	0	0	0	0	0	0	1	0	0	0	0	0	0	0	0	0	0	0	0	0	0	0	0	0	0	0	0	0	0	0	0	0	0	0	0
catB2	0	0	3	0	0	0	0	0	0	0	0	0	0	0	0	0	0	0	0	0	0	0	0	0	0	0	0	0	1	0	0	0	0	0	0	0	0	0	0	0	0	0	0	0	11	0	1	0	0	0	0	0	0	0	0	0	0	0	0	1	0	0	0	0	1	0	0	0	0	0	5	3	0	2	0	0	1	0	0	0	0	0	0	0	0	0	0	0	0	0	0	0	0	0	0	0	0	0	0
catB3	0	0	0	0	0	0	0	0	0	0	0	0	0	0	0	0	0	0	0	0	0	0	0	0	0	0	0	0	0	0	0	0	0	0	0	0	0	0	0	0	0	0	1	0	7	0	0	0	0	0	0	0	0	0	0	0	0	0	1	1	0	0	0	0	0	0	0	0	0	0	5	0	0	0	0	0	0	0	4	0	0	0	0	0	0	0	0	0	0	0	0	0	0	0	0	0	0	0	0
catB7	0	1	0	0	0	0	0	0	0	0	0	0	0	0	0	0	0	0	0	1	0	0	1	0	0	0	0	0	2	0	0	0	0	0	0	0	0	0	0	0	0	0	0	0	0	0	0	0	0	1	2	0	0	0	0	0	0	1	0	0	0	0	0	2	1	0	0	1	1	0	0	0	0	0	0	0	0	0	0	0	0	0	0	0	0	0	0	0	0	0	0	0	0	0	0	0	0	0	0
catB8	0	0	0	0	0	0	0	0	0	0	0	0	0	0	0	0	0	0	0	0	0	0	0	0	0	0	0	0	0	0	0	0	0	0	0	0	0	0	0	1	0	0	1	1	9	1	0	0	1	0	0	0	0	0	0	0	0	0	0	0	0	0	0	0	0	0	0	0	0	0	2	1	0	0	0	0	0	0	0	0	0	0	0	0	0	0	0	0	0	0	0	0	0	0	0	0	0	0	0
catP	0	1	3	0	0	1	0	0	1	1	1	0	1	1	0	0	1	0	1	0	1	0	2	0	4	0	13	0	1	2	0	0	0	0	6	0	0	1	0	0	0	0	0	0	0	0	1	0	0	1	3	0	2	1	3	3	4	2	1	67	7	119	623	1812	202	104	88	460	377	284	4	8	46	5	6	3	26	18	5	0	0	0	0	0	0	0	0	3	0	0	0	0	0	0	0	3	0	0	0
catQ	0	0	0	0	0	0	0	0	0	0	1	0	0	0	0	0	0	0	0	0	2	0	1	0	0	0	0	0	0	0	0	0	0	0	0	0	0	0	0	0	0	0	0	0	0	0	0	0	0	1	0	0	2	0	2	1	2	1	2	11	0	11	97	416	37	30	13	74	44	35	2	0	0	0	0	0	0	0	2	0	0	0	0	2	0	0	0	0	1	0	0	0	0	0	0	0	0	0	0
catS	1	3	2	0	0	0	0	1	1	0	0	0	1	0	1	0	0	0	1	0	0	0	0	0	1	0	4	2	0	1	1	0	0	0	0	0	0	0	0	1	0	0	1	0	0	0	0	0	0	0	1	1	0	0	0	0	1	0	0	1	1	3	20	8	12	0	2	11	16	15	1	1	0	1	0	0	3	1	2	1	0	0	1	0	0	0	0	8	1	0	1	3	0	0	0	0	1	1	0
cepA_clust	22	0	0	4	8	0	4	20	0	0	0	0	0	0	0	4	4	3	1	0	0	0	0	0	0	0	0	0	0	31	9	2	14	8	14	19	2	153	5	0	4	1	0	4	4	0	0	4	2	0	2	0	1	0	1	0	0	0	0	0	4	0	0	0	0	0	0	0	0	0	29	25	29	0	34	11	12	1	8	0	0	0	0	0	1	23	4	30	0	3	0	5	0	85	4	0	0	17	0
cfiA_clust	0	0	0	9	17	0	0	0	0	5	0	0	0	0	0	0	0	0	0	0	0	0	0	0	0	0	0	0	0	0	0	0	0	0	0	0	0	2	0	1	0	0	1	0	0	0	0	0	1	0	0	0	0	0	0	0	0	0	0	0	0	0	0	0	0	0	0	0	0	0	0	0	0	6	1	0	2	0	0	0	0	0	0	0	0	0	0	0	0	0	0	0	0	0	0	0	0	0	0
cfr_clust	0	0	0	0	0	0	1	0	0	0	0	0	0	0	0	0	0	0	0	0	0	0	0	0	0	0	0	0	0	1	1	0	0	0	0	0	0	0	0	0	1	0	1	0	373	0	1	1	0	3	0	2	0	0	0	0	0	1	6	0	0	0	0	0	0	0	0	0	2	2	1	6	12	19	10	11	2	13	14	0	0	0	0	0	0	0	0	0	0	0	0	0	0	0	0	0	0	0	0
cfxA_clust	146	1260	766	0	37	1037	0	0	672	0	1175	0	872	0	1081	53	861	34	798	831	527	596	367	1108	801	788	697	483	350	1	0	3	39	25	77	39	1	0	0	2	37	1	8	7	98	0	15	2	1	897	618	1473	757	538	758	811	1062	1275	577	1282	0	858	2147	1675	1987	1089	3038	2530	1785	1491	31	10	0	0	671	2	49	33	249	488	193	235	434	321	0	0	0	0	306	0	635	2	164	0	89	0	84	0	139
cfxA6	1	674	902	0	20	1713	0	0	404	0	1894	0	1205	0	2229	0	1500	0	1241	339	266	243	486	634	493	553	282	164	108	0	0	0	31	0	0	23	0	0	1	1	0	1	1	1	0	2	6	58	0	312	130	609	271	304	593	382	1043	931	584	1188	0	985	1916	1531	2250	745	2062	2707	1051	753	8	0	1	0	0	0	0	0	8	549	1707	1018	1293	945	0	0	0	1	626	0	1541	0	826	1	0	0	512	0	887
cml_clust	0	0	0	1	0	0	367	0	0	48	0	4	0	11	0	0	0	1	0	0	0	0	0	0	1	0	0	0	0	4	2	2	2	749	910	131	286	4827	22	47	57	472	1505	138	1011	695	172	296	597	10	7	14	6	0	1	0	0	1	0	0	1577	0	0	0	1	11	1	2	0	0	364	66	293	35	11	28	398	103	280	0	0	0	0	0	1	4	0	13	0	1	0	2	0	17	1	10	0	2	0
cmx	20	2	1	22	74	0	19	16	0	38	2	6	1	68	0	7	0	7	0	5	3	2	0	3	0	0	2	1	12	5	91	663	2	137	79	65	59	52	52	1587	308	523	2053	1205	7176	1206	2937	95	234	24	0	19	7	2	3	2	6	2	129	5	591	2	5	1	1	0	2	4	8	12	176	362	140	1084	52	508	509	228	698	0	0	0	0	0	11	0	0	6	0	19	0	4	0	111	79	1081	0	6	0
ddlA2-Sc	0	0	0	0	0	0	0	0	0	0	0	0	0	0	0	0	0	0	0	0	0	0	0	0	0	0	0	0	0	0	0	0	0	0	0	0	0	0	1	0	0	0	0	0	0	0	0	0	0	0	0	0	0	0	0	0	0	0	0	0	0	0	0	0	0	0	0	0	0	0	0	1	0	0	0	2	0	0	0	0	0	0	0	0	0	0	0	0	0	0	0	0	0	0	0	0	0	0	0
dfrA_clust	0	0	0	0	0	0	0	0	0	0	1	0	0	0	0	0	0	0	0	0	0	0	1	0	0	0	0	0	0	0	0	0	0	0	0	0	0	0	0	0	0	0	0	0	0	0	0	0	0	0	0	0	0	0	0	0	0	0	0	0	0	0	0	0	0	0	0	0	0	0	0	0	0	0	0	0	0	0	0	1	0	0	0	0	0	0	0	0	0	0	0	0	0	0	0	0	0	0	0
dfrA1_clust	649	0	1	995	155	0	2736	59	3	440	0	429	1	71	1	8	0	31	0	5	0	1	3	2	0	0	0	0	15	8	1913	67	46	1231	6043	983	1156	588	122	55	15	111	318	43	268	145	290	230	165	2	3	2	4	0	1	4	0	0	9	0	1343	1	0	1	0	1	5	0	2	1	116	119	36	149	6	172	323	55	493	1	0	1	2	0	167	817	2	155	0	120	2	186	0	320	62	66	0	1127	0
dfrA12	1	0	0	0	0	0	1	0	1	0	0	0	0	2	0	0	0	0	0	0	0	0	0	0	0	0	0	0	0	0	0	0	0	36	0	0	0	0	0	1	15	5	3	4	345	7	5	1	29	4	5	0	1	0	2	0	0	0	0	1	301	0	0	0	0	3	0	0	0	0	10	0	1	2	0	6	109	8	74	0	0	0	0	0	0	0	1	0	0	0	0	0	0	0	0	0	0	0	0
dfrA14_clust	133	0	0	3	10	0	10	2	0	0	0	0	0	7	0	0	0	0	0	0	0	0	0	0	0	0	0	0	1	88	29	5	14	13	117	0	1	7	0	1	1	3	0	8	70	19	2	98	51	0	0	1	0	0	0	0	0	0	0	0	27	0	0	0	0	2	1	2	0	0	12	9	11	38	18	0	1	28	6	0	0	0	0	0	0	1	0	0	0	0	0	0	0	22	0	0	0	0	0
dfrA15_clust	1	0	0	4	14	0	1	2	0	2	0	0	0	6	0	0	0	3	0	0	0	0	0	0	0	0	0	0	1	0	2	15	0	9	2	7	15	61	42	26	2	20	21	13	27	16	27	325	4	0	0	0	0	0	0	0	0	0	0	0	19	0	0	0	0	0	0	0	0	0	8	25	15	39	3	66	73	18	7	0	0	0	0	0	8	3	1	0	0	16	0	1	0	25	26	40	0	0	0
dfrA16_clust	1	1	0	3	9	0	107	2	0	3	0	17	0	0	0	2	0	0	0	0	0	0	0	0	0	0	0	0	1	5	133	23	2	84	194	39	5	8	20	30	5	3	37	22	90	25	47	31	5	1	0	0	0	0	0	0	0	0	1	0	86	0	0	0	0	0	0	0	0	0	24	22	19	25	1	29	32	12	39	0	0	0	0	0	1	2	0	0	0	4	0	1	0	22	3	21	0	0	0
dfrA18	0	0	0	0	0	0	0	0	0	0	0	0	0	0	0	0	0	0	0	0	0	0	0	0	0	0	0	0	0	0	0	0	0	0	0	0	0	3	0	0	0	0	0	0	0	0	0	0	0	0	0	0	0	0	0	0	0	0	0	0	0	0	0	0	0	0	0	0	0	0	0	0	0	0	0	0	0	0	0	0	0	0	0	0	0	0	0	0	0	0	0	0	0	0	0	0	0	0	0
dfrA20	0	0	0	0	0	0	0	0	4	0	0	0	0	0	0	0	0	0	0	2	0	0	0	0	0	0	1	0	9	0	0	0	0	0	0	0	0	0	0	0	0	0	0	1	3	0	0	1	0	0	0	0	0	0	0	0	0	1	10	0	0	0	0	0	0	0	1	0	0	1	1	0	0	0	0	0	0	0	0	0	0	0	0	0	0	0	0	0	0	0	0	0	0	0	0	0	0	0	0
dfrA25	0	0	0	0	0	0	0	0	0	0	0	0	0	0	0	0	0	0	0	0	0	0	0	0	0	0	0	0	0	0	0	0	0	0	0	0	0	0	0	0	0	0	0	0	0	16	0	0	0	0	0	0	0	0	0	0	0	0	0	0	0	0	0	0	0	0	0	0	0	0	0	0	0	0	0	0	1	0	0	0	0	0	0	0	0	0	0	0	0	0	0	0	0	0	0	0	0	0	0
dfrA29	0	0	0	0	0	0	0	0	0	0	0	0	0	0	0	0	0	0	0	0	0	0	0	0	0	0	0	0	0	0	0	0	0	0	0	0	0	0	0	0	0	0	0	0	0	0	0	0	0	0	0	0	0	0	0	0	0	0	0	0	0	0	0	0	0	0	0	0	0	0	0	5	0	0	0	0	0	0	0	0	0	0	0	0	0	0	0	0	0	0	0	0	0	0	0	0	0	0	0
dfrA32	0	0	0	0	0	0	3	0	0	0	0	0	0	0	0	0	0	0	0	0	0	0	0	0	0	0	0	0	0	0	0	0	0	0	0	0	0	0	0	0	0	0	0	0	0	0	0	0	0	0	0	0	0	0	0	0	0	0	0	0	0	0	0	0	0	0	0	0	0	0	0	0	0	0	0	0	0	0	0	0	0	0	0	0	0	0	0	0	0	0	0	0	0	0	0	0	0	0	0
dfrA5_dfrA30	0	0	0	1	0	0	0	0	0	0	0	2	0	0	0	0	0	0	0	0	0	0	0	0	0	0	0	0	0	0	1	1	2	57	0	0	2	0	1471	1	0	0	0	1	11	2	2	0	0	0	1	0	0	0	0	0	0	1	5	0	0	0	0	0	0	0	0	0	0	0	0	0	57	1	0	0	0	0	0	0	0	0	0	0	0	3	0	0	0	0	0	1	0	2	19	0	0	0	0
dfrA7_dfrA17	0	0	0	0	1	0	0	0	0	17	0	1	0	0	0	0	0	0	0	0	0	0	2	0	0	0	0	0	1	0	0	1	0	4	6	8	0	0	0	1	0	1	2	16	13	7	22	15	3	0	0	0	0	0	0	0	0	0	0	0	18	0	0	0	0	0	0	0	0	0	4	3	4	33	3	26	192	13	22	0	0	0	0	0	0	0	0	1	0	0	0	0	0	1	0	0	0	0	0
dfrA8	2	0	0	0	0	0	80	0	0	0	0	0	0	0	0	0	0	0	0	0	0	0	0	0	0	0	0	0	0	1	0	0	0	2	0	0	0	0	0	0	0	0	0	0	61	0	1	0	0	0	2	0	0	0	0	0	0	0	0	0	76	0	0	0	0	0	0	0	0	0	0	17	9	1	7	1	101	1	17	0	0	0	0	0	0	0	0	0	0	0	0	0	0	0	0	0	0	0	0
dfrB_clust	0	0	0	0	0	0	0	0	0	0	0	0	0	0	0	0	0	0	0	0	0	0	0	0	0	0	0	0	1	0	0	0	0	0	0	0	0	0	0	0	0	0	0	0	0	0	1	0	0	0	0	0	0	0	0	0	0	0	0	0	0	0	0	0	0	0	0	0	0	0	3	1	0	0	0	0	0	0	0	0	0	0	0	0	0	0	0	0	0	0	0	0	0	0	0	0	0	0	0
dfrD	27	1	0	49	41	0	9	35	9	178	0	7	0	40	0	28	0	30	0	5	0	0	0	1	0	1	0	2	12	3	66	228	1	164	53	290	117	620	296	51	8	86	28	38	28	13	66	24	18	0	1	0	1	1	0	0	3	0	4	0	356	0	0	1	5	2	3	1	2	68	14	104	42	227	31	557	473	351	761	1	0	0	0	0	0	12	1	0	0	0	0	18	0	393	3	125	0	2	0
dfrG	1	0	0	3	7	0	3	3	2	3	0	17	1	3	0	10	0	2	0	1	0	0	0	0	0	0	1	0	9	1	6	32	0	11	2	113	27	133	20	295	18	49	176	61	106	138	154	16	114	0	0	0	0	0	0	0	2	0	0	0	33	0	0	0	1	1	3	0	0	19	7	22	4	110	2	70	57	45	36	0	0	0	0	0	2	7	3	2	0	3	0	2	0	40	5	24	0	2	0
dfrK_clust	31	0	0	20	35	0	16	14	1	50	0	5	0	16	0	11	0	13	0	0	0	0	0	1	0	0	0	0	1	0	12	91	1	27	15	106	56	33	41	42	10	23	160	50	66	104	168	34	7	0	0	0	0	0	0	0	0	0	10	0	216	0	0	0	0	0	0	0	0	1	24	82	18	18	14	128	191	141	279	0	0	0	0	0	19	27	0	2	0	5	0	0	0	578	7	178	0	2	0
ere(A)_clust	0	0	0	0	0	0	11	0	0	0	0	0	0	0	0	0	0	0	0	0	0	0	0	0	0	0	0	0	0	0	0	0	0	0	0	1	0	0	0	0	0	0	0	0	3	0	0	0	0	0	0	0	0	0	0	0	0	0	0	0	0	0	0	0	0	0	0	0	0	0	18	1	0	5	0	0	0	0	0	0	0	0	0	0	0	0	0	0	0	0	0	0	0	0	0	0	0	0	0
erm(32)	0	0	0	0	0	0	0	0	0	0	0	0	0	0	0	0	0	0	0	0	0	0	1	0	0	0	0	0	0	0	0	0	0	0	0	0	0	0	0	0	0	0	0	0	0	0	0	0	0	0	0	0	0	0	0	0	0	0	0	0	0	0	0	0	0	0	0	0	0	0	0	0	0	0	0	0	0	0	0	0	0	0	0	0	0	0	0	0	0	0	0	0	0	0	0	0	0	0	0
erm(33)	1	0	0	0	1	0	0	9	0	0	0	0	0	0	1	0	0	0	0	0	1	1	0	0	0	0	5	1	4	1	0	2	0	0	0	0	0	1	0	25	2	12	15	21	228	7	36	7	6	37	18	1	1	5	0	0	1	1	10	2	20	0	2	0	3	0	0	3	1	2	8	23	12	34	3	39	46	14	68	0	0	0	0	0	0	1	0	0	1	0	0	0	0	4	0	19	0	1	0
erm(35)	0	0	0	0	0	0	0	0	0	0	0	0	0	0	0	0	0	0	0	0	0	0	0	0	2	0	0	0	0	4	0	0	24	0	0	0	0	0	0	0	0	0	0	0	11	0	2	0	0	0	0	0	0	0	0	1	1	1	34	0	0	0	0	0	9	0	29	0	2	1	46	11	3	1	1	1	0	0	0	0	0	0	1	0	0	0	0	0	0	0	0	0	0	0	0	0	0	0	0
erm(36)	0	0	0	1	3	0	2	1	0	2	0	1	0	11	0	0	0	1	0	0	0	0	0	0	0	0	0	0	1	0	26	28	2	6	0	13	5	7	3	256	19	26	73	61	502	84	97	17	17	0	0	0	3	1	0	0	0	0	1	0	49	0	0	0	0	0	0	0	0	0	8	59	63	266	12	121	98	42	10	0	0	0	0	0	0	0	0	0	0	0	0	0	0	72	0	98	0	0	0
erm(38)	0	0	0	0	0	0	0	0	0	0	0	0	0	0	0	0	0	0	0	0	0	0	0	0	0	0	0	0	0	0	0	0	0	0	0	0	0	0	0	0	0	0	2	0	1	1	0	0	0	0	0	0	0	0	0	0	0	0	1	0	5	0	0	0	0	0	0	0	0	0	0	1	4	0	3	2	7	4	8	0	0	0	0	0	2	0	0	0	0	0	0	0	0	0	0	0	0	0	0
erm(39)	0	0	0	0	0	0	0	0	0	0	0	0	0	0	0	0	0	0	0	0	0	0	0	0	0	0	0	0	0	0	0	0	0	0	0	0	0	0	0	6	0	0	4	7	6	8	6	1	1	0	0	0	0	0	0	0	0	0	0	0	1	0	0	0	0	0	0	0	0	0	0	0	0	5	0	2	1	1	3	0	0	0	0	0	0	0	0	0	0	0	0	0	0	0	0	0	0	0	0
erm(40)	0	0	0	0	0	0	0	0	0	0	0	0	0	0	0	0	0	0	0	0	0	0	0	0	0	0	0	0	0	0	0	0	0	0	0	0	0	0	0	1	1	1	0	2	1	1	0	0	0	0	0	0	0	0	0	0	0	0	0	0	1	0	0	0	0	0	0	0	0	0	0	1	0	0	0	0	1	0	0	0	0	0	0	0	0	0	0	0	0	0	0	0	0	0	0	0	0	0	0
erm(42)_clust	0	0	0	0	0	0	0	0	0	0	0	0	0	0	0	0	0	0	0	0	0	0	0	0	0	0	0	0	0	0	0	0	0	0	0	0	0	0	0	0	0	0	0	0	40	0	0	0	0	0	0	0	0	0	0	0	0	1	3	0	0	0	0	0	0	0	1	0	0	0	0	0	1	7	0	0	0	0	0	0	0	0	0	0	0	0	0	0	0	0	0	0	0	0	0	0	0	0	0
erm(A)_1_X03216	2	0	0	0	3	0	1	1	0	0	0	1	0	0	0	1	0	1	0	2	0	0	0	0	0	0	6	1	3	2	0	2	2	0	0	1	2	0	1	56	6	14	81	36	411	43	92	34	1	49	23	0	1	4	2	1	0	0	11	2	38	0	2	0	3	0	1	5	4	4	15	52	9	83	3	36	65	30	47	0	0	0	0	0	0	1	1	0	1	0	0	0	0	4	2	41	0	2	0
erm(A)_2_AF002716	0	0	0	0	0	0	0	0	0	0	0	0	0	0	0	0	0	0	0	0	0	0	0	0	0	0	0	0	0	0	0	0	0	0	0	0	0	0	0	1	0	0	0	0	1	0	0	0	0	0	0	0	0	0	1	0	0	0	2	1	1	0	0	0	0	0	0	0	0	0	2	0	0	0	0	0	2	0	2	0	0	0	0	0	0	0	0	0	0	0	0	0	0	0	0	0	0	0	0
erm(A)_3_EU348758	0	0	0	0	0	0	8	0	0	0	0	0	1	0	0	0	0	0	0	1	1	0	1	2	9	0	33	7	6	0	0	2	1	0	0	0	0	1	0	9	2	4	1	8	452	6	4	3	0	129	228	1	0	9	5	1	0	3	5	1	7	3	5	3	17	9	3	113	38	11	14	5	6	146	0	36	3	20	123	0	0	0	0	0	0	0	0	0	2	0	0	0	0	0	0	0	0	1	0
erm(B)_clust	615	365	278	757	1844	87	1000	2811	149	835	253	1054	311	1988	161	1147	321	15604	168	1171	237	209	216	3969	374	104	4360	769	3741	6781	3353	2763	3002	353	680	506	148	883	214	3721	6161	3831	3835	2081	4964	2044	4692	886	1901	3973	3990	2625	1272	670	852	914	1016	1703	445	959	2381	502	903	742	817	2962	1010	1827	609	468	7102	1841	2993	7359	3039	6689	1982	4199	3965	120	32	75	75	59	119	390	139	191	93	909	136	190	317	1537	210	1212	46	291	44
erm(C)_clust	2	1	0	7	2	0	111	1188	0	30	0	26	0	0	0	5	0	5	0	1	0	1	0	1	0	1	0	0	3	3	343	57	22	59	30	77	8	58	13	204	7	502	51	919	299	20	211	60	2150	16	5	0	5	0	1	0	1	1	16	6	298	3	2	0	21	0	0	0	2	0	17	74	231	115	94	1465	1335	1131	2207	0	0	0	0	0	4	10	3	0	0	1	0	3	0	4288	2	2494	0	1	0
erm(F)_clust	52	431	201	80	66	197	176	40	176	59	273	138	1018	10	313	34	270	4	262	502	130	138	224	1179	388	111	676	178	1228	318	21	93	790	130	64	63	6	155	4	70	46	10	71	173	146	45	40	85	13	2094	1985	4717	1496	1707	1725	2484	3371	4899	1234	2692	23	2340	3452	4964	1862	5168	4574	7191	2684	508	407	349	521	223	1078	300	106	444	291	76	58	111	74	68	1	202	3	3	470	5	101	0	176	525	49	42	64	1	252
erm(G)_clust	71	543	19	26	362	19	126	17	21	23	14	37	43	16	41	10	36	21	40	521	44	54	21	793	377	26	291	85	147	180	142	35	156	21	69	22	10	82	13	50	41	34	71	88	137	51	70	37	22	192	273	848	312	218	335	233	583	489	202	212	38	92	265	483	147	605	162	601	134	117	103	77	322	32	127	49	179	229	83	164	108	209	148	200	43	54	5	26	1427	14	694	27	1125	220	16	75	160	35	99
erm(N)	0	0	0	0	0	0	0	0	0	0	0	0	0	0	0	0	0	0	0	0	0	0	0	0	0	0	0	0	0	0	0	0	0	0	0	0	0	0	0	1	0	0	0	0	0	0	0	0	0	0	0	0	0	0	0	0	0	0	0	0	0	0	0	0	0	0	0	0	0	0	0	0	0	0	0	0	0	0	0	0	0	0	0	0	0	0	0	0	0	0	0	0	0	0	0	0	0	0	0
erm(O)_1_M74717	0	0	0	0	0	0	0	0	0	0	0	0	0	0	0	0	0	0	0	0	0	0	0	0	0	0	0	0	0	0	0	0	0	0	0	0	0	0	0	0	0	0	0	0	0	0	0	0	0	0	0	0	0	0	0	0	0	0	0	0	0	0	0	0	0	0	0	0	0	0	0	0	0	1	0	0	0	0	0	0	0	0	0	0	0	0	0	0	0	0	0	0	0	0	0	0	0	0	0
erm(Q)	1	38	10	20	11	5	3	2	8	10	5	2	38	0	6	2	14	0	12	72	13	102	5	178	374	10	19	11	82	0	1	4	1	13	6	6	6	1	1	49	2	59	16	4	61	15	23	3	11	50	32	129	35	29	43	33	76	96	32	33	5	31	53	60	77	45	33	81	82	116	3	2	7	13	6	2	4	1	27	5	3	9	4	3	4	5	23	11	7	5	24	4	13	12	53	0	5	10	2
erm(T)_4_AJ488494	7	1	0	10	34	1	10	68	1	8	1	20	2	26	4	40	3	126	1	13	0	1	6	51	4	1	71	6	63	117	93	62	13	1	7	6	2	3	3	22	265	42	43	23	89	33	42	10	30	54	33	74	14	8	7	10	18	21	6	8	51	6	8	3	5	36	9	15	4	7	66	30	34	110	40	87	27	40	64	0	0	2	0	1	1	6	4	4	0	26	1	5	5	19	0	21	0	3	1
erm(T)_clust	7	0	0	5	14	0	44	324	0	17	0	8	0	57	0	130	0	4	1	7	3	0	7	4	9	0	34	1	12	60	5	173	10	2	8	18	1	4	6	9	44	165	15	5	189	13	24	1	36	59	43	96	6	1	1	4	3	2	0	0	56	0	0	0	3	3	1	7	0	1	74	83	14	175	58	564	83	82	281	1	0	0	1	1	32	0	0	1	1	6	0	4	0	16	10	0	0	0	2
erm(X)_clust	34	0	0	9	23	0	20	10	0	7	0	6	2	45	0	1	0	11	0	1	0	2	0	18	10	0	10	4	44	11	12	181	3	64	81	72	42	98	28	441	90	87	668	335	332	747	1275	229	143	6	1	3	3	7	1	1	7	0	25	1	771	2	5	0	4	1	4	9	5	4	156	115	59	1186	28	213	450	65	121	0	0	0	0	0	146	21	3	3	0	16	0	0	3	25	30	61	0	1	0
erm(Y)	0	0	0	0	1	0	0	0	0	0	0	0	0	0	0	0	0	0	0	0	0	0	0	0	0	0	1	0	0	0	0	0	0	0	0	0	0	0	0	6	2	0	3	8	10	14	7	3	3	0	0	0	2	0	0	0	0	0	1	0	30	0	0	0	0	0	2	0	0	0	10	13	3	26	0	29	74	4	27	0	0	0	0	0	0	0	0	0	0	0	0	0	0	0	0	0	0	0	0
fexA	0	0	2	0	1	4	1	0	0	1	2	0	0	0	0	0	0	0	2	0	0	0	2	0	0	0	0	0	0	0	0	0	0	0	0	1	1	0	0	2	0	0	1	1	703	2	9	1	0	150	2	41	1	0	8	0	2	2	9	6	2	2	2	1	20	1	3	1	97	293	0	1	0	5	0	4	5	0	0	0	0	0	0	0	0	0	0	0	0	0	0	0	0	0	0	0	0	0	0
floR_clust	0	0	0	0	0	0	0	0	6	0	0	1	0	2	0	11	1	0	1	3	0	0	0	1	0	0	2	1	42	0	0	1	2	0	0	0	317	1	1	4	11	9	377	63	4573	214	127	9	40	16	0	9	2	1	1	0	2	0	21	4	0	4	3	49	1	7	3	3	19	108	30	13	4	29	1	4	1	0	9	2	0	0	0	0	1	0	0	0	0	0	0	0	0	0	0	1	0	0	0
fosA_1_NZ_ACWU01000146	0	0	0	0	0	0	0	0	0	0	0	0	0	0	0	0	0	0	0	0	0	0	0	0	0	0	0	0	0	0	0	0	0	0	0	0	0	0	0	0	0	0	0	1	0	0	0	0	0	0	0	0	0	0	0	0	0	0	0	0	0	0	0	0	0	0	0	0	0	0	0	0	0	0	0	0	1	0	0	0	0	0	0	0	0	0	0	0	0	1	0	0	0	0	0	0	0	0	0
fosA_11_DQ396803	0	0	0	0	0	0	0	0	1	0	0	0	0	0	0	0	0	0	0	0	0	0	0	0	2	0	5	0	0	0	0	0	0	0	0	0	0	0	0	0	0	0	0	0	0	0	0	0	0	0	10	0	0	0	0	0	0	0	0	0	0	0	0	0	0	0	3	0	1	4	0	0	0	0	0	0	0	0	0	0	0	0	0	0	0	0	0	0	0	0	0	0	0	0	0	0	0	0	0
fosA_12_AY692231	0	1	0	0	0	1	0	0	0	0	1	0	0	0	0	0	0	0	0	1	1	0	2	2	1	1	2	0	0	0	0	0	0	0	0	0	0	0	0	0	0	0	0	0	0	0	0	0	0	0	1	1	2	1	1	1	1	0	0	0	0	0	0	0	0	0	0	0	0	0	0	0	0	0	0	0	0	0	0	0	0	0	0	0	0	0	0	0	0	0	2	0	0	0	0	0	0	0	0
fosA_14_AB522970	0	0	0	0	0	0	0	0	0	0	0	0	0	0	0	0	0	0	0	0	0	0	0	0	0	0	0	0	0	0	0	0	0	0	0	0	0	0	0	0	0	0	0	0	0	0	0	0	0	0	0	0	0	0	0	0	0	0	0	0	0	0	0	0	0	0	0	0	0	0	0	0	1	0	0	0	1	0	0	0	0	0	0	0	0	0	0	0	0	0	0	0	0	0	0	0	0	0	0
fosA_clust1	0	0	0	0	0	0	0	0	0	0	0	0	0	0	0	0	0	0	0	0	0	0	0	0	0	0	0	0	0	0	0	0	0	1	0	0	0	0	1	0	0	0	2	2	1	0	0	0	0	0	0	0	0	0	0	0	0	0	0	0	17	0	0	0	0	0	0	0	0	0	0	0	7	0	0	0	12	0	1	0	0	0	0	0	0	0	0	0	0	0	0	0	0	0	0	0	0	0	0
fosA_clust2	0	0	0	0	0	0	0	0	0	0	0	0	0	0	0	0	0	0	0	0	0	0	0	0	0	0	0	0	0	0	0	0	0	1	3	0	0	1	0	0	0	0	0	0	2	0	0	0	0	0	0	0	0	0	0	0	0	0	0	0	10	0	0	0	0	0	0	0	0	0	0	0	0	0	0	0	0	0	0	0	0	0	0	0	0	0	0	0	0	0	0	0	0	0	0	0	0	0	0
fosB_clust	0	0	0	0	0	0	0	0	0	0	0	0	0	0	0	0	0	0	0	0	0	0	0	0	0	0	0	0	0	0	0	0	0	0	0	0	0	0	0	0	0	0	0	0	0	0	0	0	0	0	0	0	0	0	0	0	0	0	0	0	1	0	0	0	0	0	0	0	0	0	0	0	0	0	0	0	1	1	1	0	0	0	0	0	1	0	0	0	0	0	0	0	0	0	0	0	0	0	0
hugA	0	0	0	0	0	0	0	0	0	0	0	0	0	0	0	0	0	0	0	0	0	0	0	0	0	0	0	0	0	0	0	0	0	0	0	0	0	0	0	0	0	0	1	0	0	1	0	0	0	0	0	0	0	0	0	0	0	0	0	0	0	0	0	0	0	0	0	0	0	0	0	0	0	0	0	0	0	0	0	0	0	0	0	0	0	0	0	0	0	0	0	0	0	0	0	0	0	0	0
lnu(A)	235	1	3	326	256	3	74	4851	1	504	0	442	2	189	1	734	1	178	1	40	2	8	2	26	5	1	13	34	51	2810	2936	6673	1015	706	2210	1224	401	443	106	1952	1308	394	967	1592	1018	1100	1455	8903	2797	61	93	20	6	266	77	283	364	370	233	10	834	29	41	69	517	247	587	17	265	136	264	526	59	612	414	1746	150	1068	960	8	9	2	0	1	42	66	14	50	4	18	2	92	10	1615	39	1850	0	34	0
lnu(B)	75	3	13	15	1135	35	14	28	4	4	32	68	11	164	41	17	18	6	24	110	25	141	673	525	88	5	654	1442	22	8	114	168	12	66	12	46	18	71	17	377	24	32	365	83	129	189	324	338	44	68	7	46	98	60	107	77	159	101	83	151	146	13	37	25	26	315	30	31	27	38	430	716	273	725	222	615	81	85	134	38	9	4	15	23	2	50	3	1	10	61	13	11	35	95	1	129	16	52	8
lnu(C)	529	649	640	1335	505	1110	299	1336	869	551	592	2753	1064	1128	769	1026	943	2074	908	977	621	467	792	1242	618	411	1109	772	595	1410	1261	1382	4374	141	795	205	158	309	62	115	3573	104	711	855	340	393	324	235	638	2296	1245	2166	1683	1325	1508	2414	2527	2473	1199	1958	324	1305	1889	1731	2008	1832	2418	2087	2036	1852	531	2290	802	431	494	478	383	303	196	1096	600	839	1104	463	72	178	27	134	856	462	1449	275	1038	1441	67	1064	466	371	288
lnu(D)	0	0	0	0	0	0	0	0	0	0	0	0	0	0	0	0	0	0	0	1	0	0	0	0	0	0	0	0	0	0	0	0	0	0	0	11	1	0	0	11	6	0	2	7	1	0	9	0	1	0	0	0	0	0	0	0	1	0	0	2	1	5	4	2	21	2	6	4	2	3	0	0	0	0	0	0	0	0	0	0	0	0	0	0	0	0	0	2	0	0	0	0	0	9	0	0	0	0	0
lnu(F)	4	0	0	0	66	0	2059	1	3	0	0	211	0	2	0	0	0	0	0	1	0	0	0	0	0	0	0	0	1	7	5	62	11	107	841	1	4	5	2	342	2	35	2	32	47	14	30	93	1	0	1	1	1	0	3	1	3	15	48	2	1	0	0	0	0	1	5	0	0	0	33	45	2	7	3	3	2	0	24	0	0	0	0	0	1	2	0	0	0	2	0	6	0	8	0	132	0	8	0
lsa(A)	3	0	0	0	12	0	5	1	0	6	0	1	0	0	0	13	0	1	0	0	0	0	0	0	0	0	0	0	0	1	0	11	0	1	0	7	1	7	0	248	12	104	261	13	410	26	18	3	0	0	3	0	0	0	0	0	0	0	0	0	1	0	0	0	1	0	0	0	0	0	0	2	1	0	0	2	2	2	22	0	0	0	0	0	2	0	0	3	0	0	0	1	0	0	1	0	0	0	0
lsa(B)	0	0	0	0	1	1	0	0	2	0	0	0	2	0	1	0	2	0	1	3	1	1	4	7	3	2	4	0	5	0	0	0	4	0	1	0	0	0	0	0	0	0	0	0	4	0	1	0	0	11	1	3	6	3	8	4	17	12	9	3	0	6	0	1	5	1	2	1	0	11	0	0	2	10	1	1	0	0	0	0	0	0	0	0	0	1	0	2	2	0	4	0	1	3	0	0	2	0	3
lsa(C)	0	0	0	0	0	0	0	0	0	0	0	0	0	0	0	0	0	0	0	0	0	0	0	0	0	0	2	0	0	0	0	0	0	0	0	0	0	0	0	0	0	0	0	0	0	0	0	0	0	0	0	0	0	1	0	0	0	0	0	0	0	0	0	0	0	0	0	0	0	2	0	0	0	0	0	0	1	0	0	0	0	0	0	0	0	0	0	0	0	0	0	0	0	0	0	0	0	0	0
mcr-1	0	0	0	0	0	0	0	0	0	342	0	0	0	0	0	0	0	0	0	0	0	0	0	0	0	0	0	0	0	0	0	0	0	0	0	0	0	0	0	0	0	1	1	0	458	2	1	1	0	0	4	1	0	0	2	0	6	0	0	0	908	0	0	0	1	0	0	0	0	0	8	0	1	0	1	5	0	1	2	0	0	0	0	0	0	0	0	0	0	0	0	0	0	0	0	0	0	0	0
mcr-2	0	0	0	0	0	0	0	0	0	0	0	0	0	0	0	0	0	0	0	0	0	0	0	0	0	0	0	0	0	0	0	0	0	0	0	0	0	0	0	0	0	0	0	0	0	0	0	0	0	0	0	0	0	1	0	0	0	0	0	0	0	0	0	0	0	0	0	0	0	0	0	0	0	0	0	0	0	0	0	0	0	0	0	0	0	0	0	0	0	0	0	0	0	0	0	0	0	0	0
mecA_clust1	7	0	0	0	9	0	0	0	0	0	0	1	0	7	0	1	0	0	0	0	0	0	0	0	0	0	0	0	0	0	4	6	0	9	5	0	8	24	5	69	2	8	5	14	6	79	57	34	2	1	0	0	0	0	0	0	0	0	0	0	62	0	0	0	0	0	0	0	0	0	3	32	11	8	7	55	114	73	77	0	0	0	0	0	7	116	0	0	0	3	0	0	0	11	11	2	0	1	0
mecA_clust2	0	0	0	0	0	0	0	0	0	0	0	0	0	0	0	0	0	0	0	0	0	0	0	0	0	0	0	0	0	0	0	0	0	0	0	0	0	3	0	0	0	0	0	0	1	0	0	0	0	0	0	0	0	0	0	0	0	0	0	0	0	0	0	0	0	0	0	0	0	0	0	0	0	0	0	0	7	0	0	0	0	0	0	0	0	0	0	0	0	0	0	0	0	0	0	0	0	0	0
mef(A)_10_AF376746	89	335	37	6	493	57	3	13	50	1	28	12	122	15	50	7	39	9	55	222	37	49	107	295	260	71	105	69	86	12	11	12	16	15	3	28	21	4	1	47	5	11	32	82	175	26	57	38	39	179	137	161	148	45	94	255	114	145	75	228	33	158	108	317	246	105	192	473	290	180	90	52	108	114	65	11	13	63	51	68	70	197	65	107	10	1	0	10	192	0	82	15	108	105	1	1	43	1	32
mef(A)_3_AF227521	155	5247	2664	8	385	3465	7	35	2164	2	1628	16	6386	10	2256	40	2595	73	3320	2290	1489	504	1258	4012	3909	1051	3080	889	2588	133	34	18	30	134	12	25	8	17	11	103	26	16	37	268	196	36	127	17	26	7441	5056	6015	4062	1639	2793	3408	3047	3844	2090	5556	28	5684	2526	3992	5680	4560	4449	10010	4863	2821	152	100	313	40	187	58	42	246	397	977	1106	3231	987	1557	16	19	3	15	3692	5	4664	10	3462	57	5	14	1055	5	643
mef(B)	0	0	0	0	0	0	75	0	1	5	0	0	0	4	0	0	0	0	0	0	0	0	0	2	0	0	0	0	0	0	0	1	1	135	779	31	1	12	2	9	11	89	236	23	482	122	20	57	88	2	6	7	2	1	3	1	3	0	0	2	442	0	1	0	0	8	1	1	0	0	85	1	59	4	2	6	86	110	138	0	0	0	0	0	0	0	0	6	0	0	1	0	0	3	0	1	0	0	0
mph(A)	0	0	0	0	0	0	30	0	0	4	0	0	0	0	0	1	0	0	0	0	0	0	0	0	0	0	0	0	0	0	0	0	0	0	0	0	0	0	0	3	22	21	0	3	697	7	7	0	0	0	0	0	0	0	0	0	0	0	0	0	5	0	0	0	0	0	0	0	0	0	3	3	10	2	1	23	20	26	7	0	0	0	0	0	0	0	0	0	0	0	0	0	0	0	0	0	0	0	0
mph(B)	27	7	5	3	0	1	479	1	6	3	0	10	10	2	0	1	1	5	0	19	3	5	1	13	22	3	13	3	70	1	0	0	3	0	1	0	2	1	1	21	24	65	72	33	214	26	46	5	11	52	29	39	29	19	29	18	36	12	11	65	207	6	24	13	39	46	21	117	37	22	22	16	3	19	4	41	44	18	60	8	0	8	1	1	0	0	0	0	1	0	2	0	3	9	0	0	0	0	1
mph(C)	21	0	0	30	46	0	10	12	0	23	0	7	0	44	0	20	0	23	0	0	0	0	0	1	0	0	0	0	0	1	77	257	2	132	44	309	301	509	89	107	16	60	51	58	28	108	172	212	147	0	0	0	0	0	0	0	0	0	0	0	49	0	2	0	1	0	0	0	0	0	1	50	34	97	10	239	157	154	115	0	0	0	0	0	378	142	16	64	0	41	0	80	0	358	164	201	0	30	0
mph(E)	0	0	0	0	0	0	0	0	0	0	0	0	0	0	0	0	0	0	0	0	0	0	0	0	1	0	0	0	28	0	0	0	0	0	0	0	0	0	0	2	0	48	0	17	9	3	2	0	86	0	0	0	0	0	0	0	0	0	0	1	0	15	0	0	0	0	2	1	0	1	14	0	0	5	0	0	0	0	0	0	0	0	0	0	0	0	0	0	1	0	1	0	0	0	0	0	0	0	0
msr(A)	20	0	0	31	47	0	4	11	0	28	0	11	0	27	0	21	0	28	0	0	0	1	0	0	1	0	0	0	0	5	75	281	6	143	50	439	417	679	109	17	1	36	29	21	2	39	45	237	141	0	0	0	0	0	0	0	0	0	0	1	40	0	0	0	2	0	0	0	0	0	4	8	14	46	5	230	65	156	40	0	0	0	0	0	84	56	14	91	0	27	0	81	0	373	84	143	0	39	0
msr(C)	3	0	0	21	0	0	1	0	0	2	0	0	0	3	0	0	0	0	0	0	0	0	0	0	0	0	0	0	0	0	0	11	0	186	0	23	21	107	7	174	21	26	1028	237	110	588	730	41	40	0	0	0	0	0	0	0	0	0	0	0	11	0	0	0	0	0	0	0	0	0	0	7	4	0	0	1	3	2	18	0	0	0	0	0	70	103	0	2	0	75	0	3	0	8	52	7	0	5	0
msr(D)	132	893	5	13	794	5	3	12	9	3	26	23	37	34	54	10	15	3	15	743	55	80	12	932	554	28	29	110	58	4	19	26	19	8	0	41	17	4	1	129	7	19	41	64	252	48	140	56	51	22	49	37	27	33	31	50	40	68	61	92	37	38	119	262	120	55	61	157	78	185	146	67	64	130	34	16	32	15	12	193	79	363	186	293	32	4	0	25	1630	1	716	36	1573	161	5	3	243	8	134
msr(E)	0	0	0	0	0	0	0	0	1	0	0	0	0	0	0	0	0	0	0	1	0	0	0	0	0	0	0	0	46	0	0	0	0	0	0	0	0	0	0	1	2	88	0	50	24	3	1	1	192	3	0	0	0	0	0	0	0	0	2	0	0	35	0	1	0	0	1	1	0	3	23	1	1	1	0	0	0	0	0	0	0	0	0	0	0	0	0	0	0	0	0	0	0	0	0	0	0	0	0
nimA	0	0	0	0	0	0	0	0	0	0	0	0	0	0	0	0	0	0	0	1	1	0	0	0	0	0	1	0	0	0	0	0	1	0	0	0	0	0	0	0	0	0	0	0	0	0	0	0	0	0	0	1	1	0	1	1	1	0	0	0	0	0	1	0	0	0	2	1	11	0	0	0	0	0	12	0	0	0	0	0	0	0	0	0	0	0	0	1	0	0	0	0	0	0	0	0	0	0	0
nimB	0	10	17	0	1	7	0	0	17	0	11	0	26	0	7	1	11	0	4	5	10	22	1	3	0	16	5	2	4	0	0	0	4	11	0	0	0	0	0	0	0	0	0	0	1	0	1	0	0	9	11	43	11	8	3	17	6	14	3	34	0	20	11	17	12	7	20	11	10	15	0	0	0	0	0	0	0	12	0	1	6	9	4	7	0	0	0	0	5	0	6	0	8	0	0	0	5	0	8
nimC	0	0	0	0	0	0	0	0	0	0	0	0	0	0	0	0	0	1	0	0	0	0	0	0	0	0	0	0	0	0	0	0	0	0	0	0	0	0	0	0	0	0	0	0	0	0	0	0	0	0	0	0	0	0	1	0	1	0	0	1	0	0	1	0	1	0	0	0	0	0	0	0	0	0	0	0	0	0	0	0	0	0	0	0	0	0	0	0	0	0	0	0	0	0	0	0	0	0	0
nimD	0	0	0	0	0	1	0	0	0	0	1	0	0	0	0	0	2	0	0	3	0	0	0	5	0	0	0	0	0	0	0	0	0	0	0	0	0	0	0	0	0	0	0	0	0	0	0	0	0	0	0	0	2	1	0	0	0	1	0	1	0	0	1	0	3	0	0	0	0	0	0	0	0	0	1	0	0	2	1	1	3	3	0	1	1	1	0	0	0	0	0	1	0	0	0	0	0	0	0
nimE	0	0	0	0	0	0	0	0	0	0	0	0	0	0	0	0	0	0	0	0	0	0	0	0	0	0	0	0	0	0	0	0	0	0	0	0	0	0	0	0	0	0	0	0	0	0	0	0	0	0	0	0	0	0	0	0	0	0	0	0	0	0	0	0	0	0	0	0	0	0	0	0	0	0	0	0	0	0	0	0	0	0	0	0	0	0	0	0	0	0	0	3	0	0	0	0	0	0	0
nimF	0	0	0	0	0	0	0	0	0	0	0	0	0	0	0	0	0	0	0	0	0	0	0	0	0	0	0	0	0	0	0	0	1	0	0	0	0	0	0	0	0	0	0	0	0	0	0	0	0	0	0	0	0	0	0	0	0	0	0	0	0	0	0	0	0	0	0	0	0	0	0	0	0	0	0	0	0	0	0	0	0	0	0	0	0	0	0	0	0	0	0	0	0	0	0	0	0	0	0
nimH	0	12	28	0	0	16	0	0	26	0	23	0	47	0	20	5	10	0	15	11	14	40	6	9	5	9	19	3	8	0	0	6	0	0	0	0	0	0	0	0	0	0	0	0	0	0	2	6	0	10	3	97	19	13	26	34	5	27	16	55	2	14	21	10	16	7	13	10	12	18	1	0	0	0	8	1	0	6	0	3	9	28	22	13	0	0	0	0	3	0	9	0	15	0	0	0	3	0	6
nimI	0	0	0	0	0	0	0	0	0	0	0	0	0	0	0	0	0	0	0	0	0	0	0	0	0	0	0	0	0	0	1	0	0	0	0	0	0	0	0	0	0	0	0	0	0	0	0	0	0	0	0	0	0	0	0	0	0	0	0	0	0	0	0	0	0	0	0	0	0	0	0	0	0	0	0	0	0	0	0	0	0	0	0	0	0	0	0	0	0	0	0	0	0	0	0	0	0	0	0
nimJ	0	17	11	0	0	39	0	0	2	0	11	0	5	0	18	0	10	0	38	3	10	1	67	6	2	8	42	5	2	0	0	0	0	0	0	0	0	0	0	2	0	0	0	0	0	0	1	0	0	6	6	80	11	12	18	32	29	17	10	203	1	49	53	68	73	138	83	104	146	74	0	0	0	0	0	0	0	0	0	6	3	2	2	2	0	0	0	0	5	0	4	0	1	0	0	0	1	0	12
norA	1	0	0	2	3	0	0	0	0	5	0	0	0	3	0	1	0	1	0	0	0	0	0	0	0	0	0	0	0	1	4	22	1	4	2	25	16	25	5	1	0	3	1	1	0	1	2	11	9	1	0	0	0	0	0	1	0	0	0	0	3	0	0	0	1	0	0	0	0	0	0	2	0	5	0	10	5	5	9	0	0	0	0	0	14	19	4	14	0	2	0	5	0	50	16	18	0	3	0
npmA	0	0	0	0	3	0	4	0	0	1	0	0	0	1	0	0	0	0	0	0	0	0	0	0	0	0	0	1	0	0	0	0	0	0	0	0	0	0	0	125	290	13	124	228	112	42	154	0	0	0	1	3	1	0	0	1	0	1	1	0	0	0	0	2	0	4	0	0	0	1	0	0	0	0	0	0	0	0	0	0	0	0	0	0	0	0	0	0	0	0	1	0	0	0	0	0	0	0	0
ole(B)	0	0	0	0	0	0	0	0	0	0	0	0	0	0	0	0	0	0	0	0	0	0	0	0	0	0	0	0	0	0	0	0	0	0	0	0	0	0	0	0	0	0	0	0	0	0	0	0	0	0	0	0	0	0	0	0	0	0	0	0	0	2	0	0	0	0	0	0	0	0	0	0	0	0	0	0	0	0	1	0	0	0	0	0	0	0	0	0	0	0	0	0	0	0	0	0	0	0	0
ole(C)	0	0	0	0	0	0	0	0	0	0	0	0	0	0	0	0	0	1	0	0	0	0	0	0	0	0	0	0	0	0	0	0	0	0	0	0	0	1	0	9	0	0	1	0	0	0	0	0	0	0	0	0	0	0	0	0	0	0	0	0	15	0	0	0	0	0	0	0	0	0	3	77	0	6	0	0	4	1	1	0	0	0	0	0	0	0	0	0	0	0	0	0	0	0	0	0	0	0	0
optrA	1	0	0	0	2	0	1	0	0	1	1	1	0	1	0	0	1	0	0	0	0	0	2	1	2	0	2	0	0	0	2	11	0	0	0	0	1	3	0	7	0	2	1	2	2407	4	10	7	1	693	1	7	1	2	0	3	1	2	1	3	1	0	0	2	2	0	0	1	91	128	0	0	0	0	1	2	1	1	2	0	0	0	0	0	9	0	0	0	1	0	0	1	2	10	2	9	0	0	0
oqxA	0	0	0	1	0	0	0	0	0	0	0	0	1	0	0	0	0	0	0	0	0	0	0	0	0	1	0	0	0	0	0	0	0	0	4	0	0	6	0	0	0	1	2	9	8	1	0	1	0	0	0	0	0	0	0	0	0	0	0	0	15	0	0	0	0	0	0	0	0	0	0	0	1	0	0	1	0	0	0	0	0	0	0	0	0	1	0	0	0	0	0	0	0	1	0	0	0	0	0
oqxB	13	0	0	29	10	0	54	7	1	4	0	8	1	1	0	12	0	2	0	0	0	0	0	1	0	4	1	0	2	11	3	2	3	21	54	17	64	81	4	29	4	7	9	33	66	6	36	36	22	1	0	2	1	0	1	2	1	0	3	1	69	0	0	0	1	0	0	1	1	2	29	13	14	35	10	1	4	7	44	0	0	0	0	1	6	7	0	3	0	4	1	20	0	19	8	6	0	23	0
ort(B)	0	0	0	0	0	0	0	0	0	0	0	0	0	0	0	0	0	0	0	0	0	0	0	0	0	0	0	0	0	0	0	0	0	0	0	0	0	0	0	0	0	0	0	0	0	0	0	0	0	0	0	0	0	0	0	0	0	0	0	0	0	0	0	0	0	0	0	0	0	0	0	0	0	0	0	0	0	0	1	0	0	0	0	0	0	0	0	0	0	0	0	0	0	0	0	0	0	0	0
otr(A)	0	0	0	0	0	0	0	0	0	0	0	0	0	0	0	0	0	0	0	0	0	0	0	1	4	0	0	0	0	0	0	0	1	0	0	0	0	0	0	0	0	0	0	0	0	1	1	0	0	0	0	1	0	0	0	0	0	0	0	0	0	0	0	0	0	0	0	0	0	1	0	2	1	0	0	0	0	0	1	0	0	0	0	0	0	3	0	0	0	0	0	1	0	0	0	0	0	0	0
otr(C)	0	0	0	0	0	0	0	0	0	0	0	0	0	0	0	0	0	0	0	0	0	0	0	0	0	0	0	0	0	0	0	0	0	0	0	0	0	0	0	2	0	1	0	1	0	0	0	0	0	0	0	0	0	0	0	0	0	0	0	0	0	0	0	0	0	0	0	0	0	0	1	0	0	2	0	1	0	0	0	0	0	0	0	0	0	0	0	0	0	0	0	0	0	0	0	0	0	0	0
penA	0	0	0	0	0	0	0	0	0	0	0	0	0	0	0	0	0	0	0	0	0	0	0	0	0	0	0	0	0	0	0	0	0	0	0	0	0	0	0	0	0	0	0	0	0	0	0	0	0	0	0	0	0	0	0	0	0	0	0	0	0	0	0	0	0	0	0	0	0	0	0	0	0	0	0	0	0	0	0	0	0	0	0	0	0	0	0	0	0	0	0	0	0	0	0	0	0	0	0
qepA_clust	0	0	0	0	0	0	0	0	0	0	0	0	0	0	0	0	0	0	0	0	0	0	0	0	0	0	0	0	0	0	0	3	0	0	0	0	0	0	0	0	0	0	0	2	0	0	1	0	0	0	0	0	0	0	0	0	0	0	0	0	0	0	0	0	0	0	0	0	0	0	2	0	0	0	0	0	0	0	0	0	0	0	0	0	0	0	0	0	0	0	0	0	0	0	0	0	0	0	0
QnrB_clust1	1	0	0	0	10	0	3824	1	0	0	0	0	0	22	0	0	0	1	0	1	0	0	0	0	1	0	0	0	0	3	3	1	3	7600	144	2	33	7	1	5	2	21	1275	45	1	28	32	2	3	0	0	0	1	0	0	0	0	0	0	0	326	0	0	0	0	0	0	0	0	0	3	11	6	49	3	1	33	184	316	0	0	0	0	0	3	6	5	7	0	2	0	4	0	4	2	4	0	6	0
QnrB_clust3	0	0	0	0	0	0	0	0	0	0	0	0	0	0	0	0	0	0	0	0	0	0	0	0	0	0	0	0	0	0	0	0	0	0	0	0	0	0	0	0	0	0	1	0	0	0	0	0	0	0	0	0	0	0	0	0	0	0	0	0	0	0	0	0	0	0	0	0	0	0	0	0	0	0	0	0	0	0	0	0	0	0	0	0	0	0	0	0	0	0	0	0	0	0	0	0	0	0	0
QnrD	0	0	0	0	0	0	0	0	0	0	0	0	0	0	0	0	0	0	0	0	0	0	0	0	0	0	0	0	0	0	0	0	0	0	0	0	0	0	0	0	78	0	35	2	9	3	3	0	2	0	0	0	0	0	0	0	0	0	0	1	0	0	0	0	0	0	2	0	0	0	0	2	0	0	0	0	0	0	0	0	0	0	0	0	0	0	0	0	0	1	0	0	0	0	0	0	0	0	0
QnrS_clust1	0	0	0	0	0	0	6	1	0	0	0	0	0	6	0	0	0	0	0	0	0	0	0	0	0	0	0	0	0	1	0	0	0	1	5	0	0	42	0	0	0	2	13	23	15	29	6	59	0	1	0	1	0	1	4	1	1	10	0	0	256	0	0	0	0	4	0	0	0	0	0	5	25	59	8	10	37	3	19	0	0	0	0	0	0	0	0	1	0	0	0	0	0	0	0	0	0	1	0
QnrS_clust2	0	0	0	0	0	0	0	0	0	0	0	0	0	0	0	0	0	0	0	0	0	0	0	0	0	0	0	0	0	0	0	0	0	0	0	0	0	0	0	0	0	0	0	0	0	0	0	0	0	0	0	0	0	0	0	0	0	0	0	0	0	0	0	0	0	0	0	0	0	0	0	0	0	0	1	0	0	0	1	0	0	0	0	0	0	0	0	0	0	0	0	0	0	0	0	0	0	0	0
QnrVC_clust2	0	0	0	0	0	0	0	0	0	0	0	0	0	0	0	0	0	0	0	0	0	0	0	0	0	0	0	0	0	0	0	0	0	0	0	0	0	0	0	0	0	0	0	0	0	0	0	1	0	0	0	0	0	0	0	0	0	0	0	0	4	0	0	0	0	0	0	0	0	0	0	0	0	0	0	0	0	0	0	0	0	0	0	0	0	0	0	0	0	0	0	0	0	0	0	0	0	0	0
rmtD	0	1	0	0	0	0	0	0	0	0	0	0	0	0	1	0	0	0	0	0	0	0	0	1	1	0	1	0	0	0	0	0	0	0	0	0	0	0	0	0	0	0	0	0	0	0	0	0	0	0	1	1	3	0	0	1	0	0	0	0	0	0	0	0	0	0	0	0	0	0	0	0	0	0	0	0	0	0	0	0	0	0	0	0	0	0	0	0	0	0	0	0	0	0	0	0	1	0	0
rmtF	0	15	10	0	0	8	0	0	13	0	5	0	5	0	15	0	15	0	19	10	11	4	16	27	7	1	16	10	1	0	0	0	0	0	0	0	0	0	0	0	0	0	0	0	0	0	1	0	0	7	14	15	14	7	8	19	11	17	4	11	0	5	2	11	5	0	1	3	3	4	0	0	0	0	0	0	0	0	0	4	0	1	1	4	0	0	0	0	1	0	3	0	1	0	0	0	2	0	3
rmtG	0	2	0	0	0	1	0	0	2	0	1	0	0	0	1	0	0	0	1	0	0	1	1	1	3	0	3	1	0	1	1	0	1	0	0	0	0	0	0	0	0	0	0	0	0	0	1	0	0	0	0	2	1	2	1	0	1	1	0	0	0	0	0	0	0	0	0	0	0	0	0	0	1	0	0	0	0	0	0	0	0	0	0	0	0	0	0	0	0	0	0	0	0	0	0	0	0	0	0
spc	23	0	1	34	41	0	24	3791	0	3	0	39	0	7	0	3	0	1	0	3	1	0	0	2	0	2	0	0	1	2615	3795	963	240	60	2552	18	34	194	18	567	37	127	332	142	988	198	394	33	19	55	0	2	4	12	7	35	19	6	81	2	171	0	2	0	14	0	7	0	5	4	52	187	25	419	73	173	189	151	198	0	0	0	0	0	2	11	9	5	0	6	0	3	0	234	8	69	0	7	0
srm(B)	0	0	0	0	0	0	0	1	0	0	0	0	0	0	0	0	0	0	0	0	0	0	0	0	0	0	1	0	0	0	0	0	0	0	0	0	0	0	0	0	0	0	0	1	0	0	0	0	0	0	0	0	0	0	0	0	0	0	0	0	0	0	0	0	0	0	0	0	0	1	0	0	0	0	0	0	0	0	0	0	0	0	0	0	0	0	0	0	0	0	0	0	0	0	0	0	0	0	0
str	5	0	1	9	17	0	5	0	0	3	0	2	0	7	0	0	1	1	0	12	0	9	2	20	16	3	18	1	14	6	14	1	1	6	2	269	5	18	0	427	24	115	208	323	46	109	272	197	20	3	6	1	18	4	2	7	12	3	79	2	6	1	2	0	26	6	4	2	8	27	5	5	6	152	6	2	16	14	10	2	0	0	0	0	22	3	1	2	1	32	0	10	0	2	4	70	0	9	0
strA	299	1	0	27	110	0	386	71	13	16	2	12	1	34	1	10	1	3	1	5	0	2	2	3	1	0	1	1	77	300	50	274	12	758	1471	104	229	52	530	2528	319	2294	2347	1160	9355	1575	2421	538	526	46	9	11	28	5	1	2	3	5	62	13	1213	6	7	12	12	5	19	7	13	13	144	116	276	300	165	123	376	89	189	12	2	3	1	3	203	118	1	124	0	2	7	315	0	162	859	57	0	1	0
strB	366	0	3	26	124	3	449	105	12	15	0	13	0	57	3	7	2	5	0	10	1	2	8	1	1	0	1	0	75	358	36	343	9	902	1809	85	245	67	633	3080	355	2623	2638	1336	10108	1676	2643	627	604	81	8	11	37	5	4	3	8	8	72	32	1446	6	10	21	8	4	24	11	34	24	167	124	315	409	172	124	434	98	217	17	1	3	3	7	255	135	3	148	0	8	3	357	0	212	1066	75	0	4	0
sul1_sul3_clust	78	0	1	66	304	2	2521	40	3	64	1	247	2	81	4	29	1	22	0	10	3	7	5	4	0	0	7	0	13	12	6126	1079	44	2715	3162	276	240	402	470	784	248	361	1040	542	2303	1237	1513	1099	272	9	6	6	16	0	1	2	4	0	75	8	3197	1	1	2	3	2	12	0	3	10	532	1284	337	1918	87	1143	1454	540	1586	6	0	1	8	1	61	68	5	10	0	121	1	24	0	688	234	528	0	4	0
sul2_clust	1745	1	8	1206	415	0	3786	188	27	879	1	1128	1	137	3	13	2	53	1	25	2	2	4	10	0	0	2	2	153	452	58	326	400	1695	14367	2097	3891	1415	219	343	137	145	1532	346	8784	1153	363	401	616	89	6	17	43	7	5	3	13	8	140	48	1777	10	17	16	2	29	34	10	38	4	547	213	361	819	213	302	905	136	439	21	0	1	12	4	976	1870	11	375	1	222	2	835	0	812	114	126	0	2779	0
sul3_2_AJ459418	1	0	0	0	0	0	292	0	5	35	0	0	1	19	0	1	0	0	1	0	0	0	1	4	0	0	0	0	0	2	0	6	1	431	2124	71	1	31	11	27	45	215	704	47	969	349	72	131	266	10	14	11	8	1	3	2	2	0	2	2	898	0	0	0	0	9	0	1	2	1	228	11	184	11	13	9	240	103	440	0	1	0	0	0	0	1	0	14	0	0	0	1	0	3	1	4	0	1	0
tcr	0	0	0	0	0	0	0	0	0	0	0	0	0	0	0	0	0	0	0	0	0	0	0	0	0	0	0	0	0	0	0	0	0	0	0	0	0	0	0	0	0	0	0	0	0	0	0	0	0	0	0	0	0	0	0	0	0	0	0	0	0	0	0	0	0	0	0	0	0	0	0	0	0	0	0	0	0	0	0	0	0	0	0	0	1	0	0	0	0	0	0	0	0	0	0	0	0	0	0
tet(31)	0	0	3	0	0	0	0	0	1	0	0	0	0	0	0	0	0	0	0	4	1	0	0	0	0	0	0	0	0	0	0	0	0	0	1	0	0	0	0	2	0	1	1	10	67	4	0	0	1	0	0	0	2	0	0	0	0	0	11	2	0	0	0	0	0	0	3	0	0	0	43	39	1	9	0	4	1	2	0	0	0	0	0	0	0	0	0	0	0	0	0	0	0	0	0	0	0	0	0
tet(32)	250	235	160	150	270	221	382	79	230	87	121	196	311	146	201	99	316	66	162	353	441	736	2638	2115	679	95	472	826	803	807	294	219	624	139	842	203	47	390	78	112	162	70	163	364	258	69	278	159	173	571	230	638	363	314	338	437	630	446	288	284	297	108	141	203	155	312	206	183	102	338	335	481	1649	979	862	145	583	1002	189	189	114	108	104	101	93	213	36	303	108	203	185	392	110	910	99	286	86	124	144
tet(33)	27	1	2	63	42	0	19	53	1	14	0	9	1	87	1	20	0	26	0	2	0	11	1	4	0	0	3	0	1	10	40	669	5	36	30	213	87	161	22	342	167	93	524	520	329	376	1871	152	168	3	0	2	7	1	2	2	7	2	62	1	684	0	4	2	6	0	4	0	1	2	271	136	178	1133	37	370	455	63	255	0	0	0	0	0	738	14	0	1	0	72	0	16	0	296	88	548	0	5	0
tet(34)	0	0	0	1	0	0	0	0	0	0	0	0	0	0	0	0	0	0	0	0	0	0	0	0	0	0	0	0	0	0	4	1	0	6	11	4	4	2	5	0	0	16	0	2	2	2	0	2	1	0	0	0	0	0	0	0	0	0	0	0	0	0	0	0	0	0	0	0	0	0	0	0	0	0	1	0	0	0	0	0	0	0	0	0	1	2	0	0	0	0	0	5	0	1	5	0	0	2	0
tet(35)	0	0	0	0	0	0	0	0	0	0	0	0	0	0	0	0	0	0	0	0	0	0	0	0	0	0	0	0	0	0	0	0	0	0	0	0	0	0	0	1	0	0	2	0	0	1	2	0	1	0	0	0	0	0	0	0	0	0	0	0	0	0	0	0	0	1	0	0	0	0	1	1	0	1	0	0	1	0	1	0	0	0	0	0	0	0	0	0	0	0	0	0	0	0	0	0	0	0	0
tet(36)	0	0	13	0	0	0	0	0	35	0	0	0	3	0	0	0	0	0	0	1	1	0	0	0	3	1	0	0	8	0	0	0	0	0	0	0	0	0	0	0	0	0	0	0	8	0	0	0	0	1	0	0	0	2	4	0	0	3	253	30	0	2	2	0	101	0	76	0	4	0	4	2	0	0	0	0	0	0	0	0	0	0	0	0	0	0	0	0	1	0	0	0	2	0	0	0	0	0	0
tet(37)	0	1	0	0	0	1	0	0	0	0	0	0	2	0	0	0	0	0	0	0	0	0	0	1	1	1	0	0	0	0	0	0	0	0	0	0	0	0	0	0	0	0	0	0	0	0	0	0	0	0	0	2	0	0	1	0	1	3	0	0	0	0	0	0	0	0	0	0	0	0	0	0	0	0	0	0	0	0	0	0	1	0	0	0	0	0	0	0	0	0	1	0	3	0	0	0	3	0	2
tet(39)	0	0	1	0	0	0	0	0	1	0	0	0	0	0	0	0	0	0	0	4	0	1	1	0	1	0	1	0	66	0	0	0	0	0	0	0	0	0	0	0	0	121	3	20	8	0	4	1	72	0	0	0	0	2	0	0	6	0	4	21	0	6	0	0	4	0	5	0	0	1	0	2	0	19	0	1	0	0	0	2	0	0	0	0	0	0	0	0	1	0	0	0	0	0	0	0	0	0	0
tet(40)	154	2288	1788	187	87	2057	139	84	2040	97	1851	98	4535	10	2449	53	2718	32	2403	2105	2248	1129	5130	3060	3448	810	3596	816	4226	542	317	96	314	90	173	87	26	111	50	107	43	26	66	130	86	42	190	28	49	5224	4047	7914	6818	5174	5050	7613	7705	5920	3743	6931	145	3678	3272	5631	7012	4043	8070	4626	4617	7959	277	415	719	172	517	125	334	439	124	974	720	706	713	744	68	176	29	183	534	69	801	299	794	340	111	102	546	137	530
tet(44)	669	2961	1271	265	197	1773	705	322	3115	580	1017	257	2638	112	1088	334	2150	129	1446	6618	3518	3353	3632	5939	4817	551	3812	1534	2214	960	241	381	2268	146	158	277	26	114	22	155	271	72	194	157	278	33	362	312	120	2424	1960	2689	3324	2060	2148	4029	3476	2831	1182	1756	166	1333	1250	1926	2318	1973	2234	2165	1582	3665	728	339	1807	158	869	262	350	931	271	1073	648	1831	959	1081	191	624	87	267	710	258	3136	379	1016	826	166	349	574	216	1315
tet(A)	200	1	1	2693	1768	5	3044	175	3	1070	3	731	3	128	1	8	1	39	0	0	2	1	18	6	0	1	0	1	7	371	7631	81	22	4721	13283	885	8322	1670	283	451	296	1326	3171	453	13912	2496	1574	3741	1236	15	17	26	41	3	10	2	17	5	9	23	8164	5	5	10	14	19	21	16	5	8	465	736	608	442	157	240	778	271	1474	1	0	0	4	1	20	1044	22	334	1	560	1	370	1	139	163	41	0	18	0
tet(B)	15	0	0	3	479	4	1382	59	0	49	0	4	0	3	2	0	0	59	2	2	2	0	0	2	2	0	1	1	1	4	4	32	10	38	98	270	8	19	14	1339	83	43	1026	46	341	57	233	196	104	8	0	2	13	0	1	1	2	2	5	2	916	0	0	0	1	11	4	0	0	0	117	2493	1033	311	620	57	750	30	6082	2	2	0	2	1	0	44	30	36	0	1	0	7	1	533	1	2	0	0	1
tet(C)	15	1	1	4	9	1	6	6	1	9	3	4	13	3	3	7	3	7	5	1	3	2	4	2	4	0	4	4	17	7	4	1	2	11	9	5	3	4	1	3	10	4	13	47	6	34	7	1	3	8	3	0	29	5	16	8	14	2	4	11	26	1	3	0	6	0	3	13	1	1	17	33	5	189	5	2	6	10	4	0	2	1	0	0	5	4	3	5	0	2	0	2	0	4	6	4	0	6	2
tet(D)	0	0	0	0	0	0	0	0	0	0	0	0	0	0	0	0	0	0	0	0	0	0	0	0	0	0	0	0	0	0	0	0	0	0	0	0	0	0	0	0	0	0	0	0	0	0	0	0	0	0	0	0	0	0	0	0	0	0	0	0	0	0	0	0	0	0	0	0	0	0	0	0	0	0	0	0	0	0	0	0	0	0	0	0	0	0	1	0	0	0	0	0	0	0	0	0	0	0	0
tet(G)	0	0	0	0	0	0	0	0	0	0	3	0	0	0	1	1	1	0	0	0	1	0	0	0	0	0	0	0	3	0	0	2	1	0	0	0	0	0	0	0	0	0	3	4	55	1	3	0	0	0	0	0	4	0	0	0	2	1	2	1	0	0	0	3	9	1	12	2	6	3	35	3	9	27	1	5	0	1	2	0	3	2	0	0	0	0	0	0	0	0	3	0	0	3	0	0	0	0	1
tet(H)	0	0	11	0	0	4	0	0	2	0	0	0	1	0	0	0	0	0	0	5	0	0	0	0	2	0	1	0	12	0	0	0	0	0	0	0	0	0	0	0	0	0	2	2	11	0	0	0	0	0	0	0	2	0	0	1	0	0	2	2	0	1	0	0	1	0	18	0	1	0	0	2	0	1	0	0	0	0	0	2	0	0	0	1	0	0	0	0	0	0	0	0	0	0	0	0	0	0	0
tet(J)	0	0	0	4	0	0	3	1	0	1	0	2	0	0	0	0	0	1	0	0	0	0	0	0	0	0	0	0	0	0	0	0	1	0	1	30	1	5	68	0	10	4	9	0	21	0	0	0	6	0	0	0	0	0	0	0	0	0	0	0	2	0	0	0	0	0	0	0	0	0	0	0	2	1	1	15	1	1	10	0	0	0	0	0	0	0	1	0	0	0	0	2	0	0	2	2	0	0	0
tet(K)	76	5	0	110	55	0	36	16	0	94	0	22	0	41	2	25	0	18	1	1	0	2	0	0	0	3	0	1	1	2	61	76	11	169	33	662	150	242	39	361	158	320	306	223	103	321	777	1464	648	4	1	0	0	0	1	1	0	0	0	5	203	1	0	0	9	3	0	0	0	0	4	50	52	156	12	336	230	684	262	0	0	0	0	0	901	217	36	83	0	254	0	23	0	499	89	501	0	51	0
tet(L)_1_HM235948	0	0	4	1	1	2	0	0	9	0	12	1	2	7	0	0	3	0	6	105	6	3	765	1258	236	4	14	430	30	1	3	0	0	3	2	2	0	0	3	82	14	37	50	54	42	39	110	29	53	7	2	7	160	20	13	10	24	10	44	12	62	5	1	1	39	10	7	2	0	9	21	24	11	128	2	57	66	14	29	18	0	0	0	2	2	0	0	0	0	0	1	3	0	0	0	0	1	0	1
tet(L)_clust1	276	39	71	181	4694	147	344	269	3	191	276	1773	12	1458	339	51	35	189	196	524	400	4143	10935	9075	1944	6	798	4036	151	85	930	917	154	50	82	111	120	220	92	684	16170	822	958	1387	1278	945	1322	752	270	1254	162	684	1298	814	1314	1161	2129	1061	1140	894	2741	19	41	46	96	1262	48	57	43	94	3798	1078	864	10418	1164	742	1404	751	1319	307	2	2	6	37	390	22	45	17	10	427	6	178	12	2297	45	730	16	29	103
tet(L)_clust2	0	0	0	1	0	0	0	0	0	0	0	0	0	0	0	0	0	0	0	0	0	0	0	0	0	0	0	0	0	0	0	0	0	0	0	0	0	0	0	0	0	0	0	0	1	0	0	0	2	0	0	0	0	0	0	0	0	0	0	0	0	0	0	0	0	0	0	0	0	0	0	0	0	3	0	0	2	0	0	0	0	0	0	0	0	0	0	0	0	0	0	0	0	0	0	0	0	0	0
tet(M)	213	23	39	144	5611	84	428	342	80	39	35	406	74	624	69	119	46	117	39	461	47	38	286	136	418	14	343	346	194	97	1315	846	88	201	47	139	30	144	39	2039	24995	1595	2505	2178	3130	2068	3928	1788	890	184	1129	81	183	173	156	385	424	260	351	165	1711	100	99	99	903	98	560	81	179	2280	4685	413	499	7431	1359	543	878	768	1193	34	9	57	15	28	488	48	50	64	8	323	14	58	13	176	16	29	2	47	26
tet(O)	681	2711	1999	200	846	3384	279	174	2260	200	2530	333	4756	543	3035	137	3502	128	2690	2948	3553	3464	13757	9775	3958	1335	3945	4840	2398	727	872	213	710	156	839	300	59	171	74	852	423	219	780	646	429	624	382	192	145	4890	1881	3337	3504	2529	2963	3846	5166	3775	2357	4273	1310	2605	2271	4073	3340	4133	4521	3423	3134	5812	1589	1037	1440	4059	1228	1252	720	2657	793	2160	2528	3131	2866	2370	232	492	58	543	1931	545	3304	692	2454	450	180	235	1596	269	1836
tet(Q)	3043	20294	15883	223	1137	30872	427	199	19944	510	18206	706	34764	41	19283	1342	23245	300	20451	10124	11246	5091	18727	15824	11452	5927	11860	3389	14059	1238	70	796	3290	713	3776	468	24	684	59	74	417	32	327	990	635	81	481	808	47	16407	10422	21659	12019	9086	12366	15642	17462	18444	10209	23049	140	17190	19037	25298	23909	22324	24791	30988	21618	22440	1372	1702	2803	58	3706	880	2443	2942	3731	11115	17219	16397	15320	10629	133	715	38	1153	11150	237	27972	612	9820	889	259	120	7300	350	9990
tet(S)	0	0	0	0	0	0	0	0	4	0	0	0	0	0	1	0	1	0	0	192	3	8	2	3	464	1	31	51	67	0	1	0	0	1	0	1	1	5	2	19	1	5	6	4	17	5	16	5	9	3	20	1	1	4	1	16	7	5	3	0	18	3	0	0	24	2	4	4	28	392	3	3	1	70	0	2	8	2	1	11	0	2	0	1	1	1	0	0	0	1	0	0	0	0	0	0	0	0	0
tet(T)	0	1	4	0	0	1	0	0	4	0	0	0	3	0	0	0	0	0	1	8	0	6	2	0	1	0	103	0	5	0	0	0	0	1	0	0	0	0	0	14	4	2	10	1	28	2	11	0	0	1	1	0	3	1	3	1	3	1	97	27	0	0	6	0	24	0	12	1	36	1	0	16	0	9	0	0	6	3	4	1	0	1	0	0	0	0	1	0	0	0	1	0	0	0	0	0	1	0	0
tet(U)	1	0	0	9	0	0	0	0	0	0	0	0	0	0	0	0	0	0	0	0	0	0	0	0	0	0	0	0	0	3	0	2	1	3	0	8	30	117	4	101	7	13	268	69	24	181	167	7	3	0	0	0	0	0	0	0	0	0	0	0	1	0	0	0	0	0	0	0	0	0	0	0	0	0	1	0	1	15	2	0	0	0	0	0	43	194	0	0	0	176	0	2	0	2	8	4	0	12	0
tet(V)	0	0	0	0	0	0	0	0	0	0	0	0	0	0	0	0	0	0	0	0	0	0	0	0	0	0	0	0	0	0	0	0	0	0	0	0	0	0	0	0	0	0	0	0	0	0	0	0	0	0	0	0	0	0	0	0	0	0	0	0	0	0	0	0	0	0	0	0	0	0	0	0	0	1	0	0	0	0	0	0	0	0	0	0	0	0	0	0	0	0	0	0	0	0	0	0	0	0	0
tet(W)	12323	14200	8673	13432	10171	13653	4069	14891	14551	25597	7624	11148	19015	23741	8719	11864	13828	12337	10555	10572	12073	8486	26365	25301	16743	6400	23213	9100	21338	18082	7597	12042	16006	2329	19332	3710	1001	3323	951	2903	44818	7790	13922	13418	7921	3142	9269	16836	13906	15826	14642	17371	17277	14573	13844	22264	18560	16162	9493	20745	5859	12150	14018	15330	16970	13614	17161	15051	13348	23718	22686	15605	18137	10144	16318	12198	12044	14429	4007	13390	6471	7922	7244	6447	3301	4707	1804	9237	4624	11747	12821	5984	6018	7192	1605	3910	5217	3981	5952
tet(X)_3_AB097942	0	0	6	0	0	0	0	0	16	0	0	0	0	0	0	24	0	0	0	23	0	0	1	5	0	1	3	0	94	6	2	1	0	17	1	0	2	73	0	26	3	16	45	71	116	17	36	2	144	5	3	17	14	0	1	0	3	2	92	9	1	0	5	12	11	1	12	10	5	2	278	61	16	343	6	6	37	14	5	0	0	0	2	2	0	0	0	0	8	0	6	0	4	0	0	0	0	0	0
tet(X)_clust	43	328	159	124	17	177	196	20	212	85	129	194	375	9	179	8	175	3	225	158	50	95	88	376	80	48	271	60	356	123	16	16	1117	218	100	88	7	129	5	36	19	23	40	81	176	31	49	51	44	669	553	1653	508	437	420	719	546	1302	463	819	25	702	1060	1314	625	1398	1184	1276	829	267	450	437	411	719	1432	374	70	177	361	22	48	80	112	129	0	278	1	1	495	1	142	0	217	187	61	80	71	1	9
tet(Y)	0	0	1	0	0	0	0	1	3	5	0	0	0	2	1	0	1	0	0	0	0	0	0	1	0	0	0	1	4	0	0	2	0	0	0	0	0	0	0	1	0	2	0	1	25	0	1	0	0	0	0	1	1	0	0	0	0	0	25	3	19	0	1	0	1	0	3	0	0	1	23	20	2	19	1	19	10	0	21	1	0	0	0	0	0	0	0	0	1	0	0	0	0	0	0	0	0	0	0
tet(Z)	2	2	0	12	19	0	40	16	1	9	1	4	0	52	4	5	0	10	0	4	2	2	3	2	1	2	1	0	6	6	68	87	5	32	28	7	8	10	8	1511	273	616	2091	1249	3509	1048	2631	459	229	4	0	4	12	4	8	4	3	11	81	3	1328	2	2	1	6	3	6	3	4	3	246	398	359	4557	67	1318	1696	696	1267	0	0	0	0	0	7	0	1	4	0	0	0	3	0	223	15	1896	0	2	0
tetA(P)	23	183	97	59	81	81	21	47	158	41	102	15	171	14	111	9	163	16	86	422	309	722	289	707	1905	260	283	89	263	12	9	16	17	42	30	37	25	7	12	171	20	157	84	7	163	36	127	6	28	301	146	89	187	79	192	178	299	181	104	97	206	97	151	109	268	113	167	136	175	502	15	38	72	88	30	7	26	5	118	188	38	79	72	59	209	15	13	1	62	94	245	23	45	4	24	6	36	9	82
tetB(P)	40	190	43	93	142	15	52	65	174	58	34	34	155	19	59	25	51	20	35	111	49	156	67	156	337	47	66	20	99	9	18	35	29	77	75	21	25	15	27	276	24	276	192	24	336	91	310	7	47	256	57	32	110	46	127	80	160	105	55	32	398	36	74	18	36	42	47	57	66	131	34	73	159	165	68	24	49	9	223	65	9	19	21	22	454	18	12	2	7	233	84	50	13	18	51	14	3	6	41
tlr(C)	0	0	0	0	0	0	0	0	0	0	0	0	0	0	0	0	0	0	0	0	0	0	1	0	0	0	0	0	0	0	0	0	0	0	0	0	0	0	0	1	0	0	0	0	0	0	0	0	0	0	0	0	0	0	0	0	0	0	0	0	0	0	0	0	0	0	0	0	0	0	0	0	0	1	0	0	0	0	0	0	0	0	0	0	0	0	0	0	0	0	0	0	0	0	0	0	0	0	0
VanA_clust	1	0	0	0	259	0	1	0	0	1	0	95	0	0	0	0	0	13	0	0	0	0	0	0	0	0	0	0	0	26	66	29	19	6	0	5	0	0	0	6	0	0	1	1	11	1	1	5	1	0	0	0	0	0	0	0	0	0	0	0	1	0	0	0	0	0	0	0	0	0	0	5	2	73	0	1	6	5	0	0	0	0	0	0	0	0	0	2	0	3	0	0	0	74	1	0	0	0	0
VanA-B_1_AF192329	2	2	8	7	1	7	1	3	9	0	5	0	6	1	3	2	3	1	7	6	11	11	5	8	4	2	5	1	8	1	1	6	7	1	2	5	0	19	0	2	1	0	7	3	3	0	2	1	3	2	2	7	4	2	4	2	8	3	2	8	0	11	12	0	5	9	6	8	6	5	0	10	31	2	8	0	23	9	8	7	2	3	2	4	13	28	3	2	2	12	9	67	0	7	0	6	2	12	2
VanAo2_6_HQ679900	6	0	0	2	0	0	2	2	0	3	0	0	0	0	0	1	0	0	0	0	0	0	0	0	0	0	0	0	0	21	17	15	7	8	25	10	2	2	1	1	1	1	4	2	2	0	3	3	11	0	0	0	0	0	0	0	0	0	0	0	7	0	0	0	0	0	0	0	0	0	2	7	11	2	3	3	2	11	1	0	0	0	0	0	7	6	4	13	0	6	0	11	0	0	4	0	0	12	0
VanC_clust1	0	0	0	0	0	0	0	0	0	0	0	0	0	0	0	0	0	0	0	0	0	0	0	0	0	0	0	0	0	0	0	0	0	1	0	4	2	4	0	12	0	1	1	0	11	1	2	0	8	0	0	0	0	0	0	0	0	0	0	0	0	0	0	0	0	0	0	0	0	0	0	0	0	3	0	0	2	0	0	0	0	0	0	0	0	1	0	0	0	0	0	0	0	0	0	0	0	0	0
VanC_clust2	0	0	0	0	0	0	0	0	0	0	0	0	0	0	0	0	0	0	0	0	0	0	0	0	0	0	0	0	0	0	0	1	0	0	0	0	3	2	0	12	0	1	0	1	1	0	2	1	3	0	0	0	0	0	0	0	0	0	0	0	0	0	0	0	0	0	0	0	0	0	0	0	0	0	0	5	0	0	0	0	0	0	0	0	0	0	0	0	0	0	0	1	0	0	0	0	0	0	0
VanD_2_AF175293	0	0	0	0	0	0	0	0	0	0	0	0	0	0	0	0	0	0	1	0	0	1	3	2	0	0	0	0	0	0	0	0	0	0	0	0	0	0	0	0	0	0	0	0	0	0	0	0	0	0	0	0	0	0	0	1	0	0	0	0	0	0	0	0	0	0	0	0	0	0	0	0	4	0	0	0	0	0	0	0	0	0	0	0	0	0	0	0	0	0	0	0	0	0	0	0	1	0	0
VanD_clust	0	0	0	0	0	0	0	0	0	0	0	0	0	0	0	0	0	0	0	0	0	0	0	0	0	0	1	1	0	0	0	0	0	0	0	0	0	0	0	0	0	0	0	0	0	0	0	0	0	0	0	0	0	0	0	2	1	3	0	0	0	1	0	0	0	0	0	0	0	0	0	0	1	0	0	0	0	0	0	0	0	0	0	0	0	0	0	0	0	0	0	0	2	0	0	0	0	0	0
VanG	1	14	19	4	1	9	6	1	2	0	13	0	20	0	9	0	18	0	25	3	11	9	19	16	5	7	25	5	5	6	3	2	3	0	2	1	1	2	1	0	0	1	1	2	3	0	4	10	2	14	16	6	7	9	8	12	32	7	3	11	0	2	9	7	11	10	2	11	2	5	8	4	108	3	18	4	10	7	3	9	11	7	13	11	2	2	1	3	19	0	16	7	16	1	3	3	13	1	8
VanH-A	0	0	0	0	255	0	0	1	0	1	0	99	0	0	0	0	0	14	0	0	0	0	0	0	0	0	0	0	0	27	78	32	13	4	0	4	0	0	1	2	1	0	1	0	7	0	2	7	2	0	0	0	0	0	0	0	0	0	0	0	1	0	0	0	0	0	0	0	0	0	0	3	3	63	0	1	4	1	1	0	0	0	0	0	0	0	0	1	0	0	0	0	0	63	0	0	0	0	0
VanH-B	7	9	9	8	2	5	1	5	3	0	5	3	5	4	3	2	3	0	2	4	10	17	4	8	1	1	4	0	6	2	5	5	5	1	3	2	0	17	4	1	0	1	5	0	3	0	4	0	3	2	1	10	7	2	2	5	4	4	9	14	1	9	5	8	1	12	2	11	8	9	1	11	35	6	8	4	21	14	7	3	6	1	0	4	6	23	1	5	2	9	10	47	0	2	0	6	2	6	2
VanH-D_clust1	0	0	0	0	0	0	0	0	0	0	0	0	0	0	0	0	0	0	0	0	0	0	0	1	0	0	1	0	1	0	0	0	0	0	0	0	0	0	0	0	0	0	0	0	0	0	0	0	0	0	0	0	0	1	0	0	1	0	0	0	0	0	0	0	0	0	0	0	0	0	0	0	0	0	0	0	0	0	0	0	0	0	0	0	0	1	0	0	0	0	0	0	0	0	0	0	0	0	0
VanH-D_clust2	0	0	0	0	0	0	0	0	0	0	0	0	0	0	0	0	0	0	0	0	0	0	0	0	0	0	1	0	0	0	0	0	0	0	0	0	0	0	0	0	0	0	0	1	0	0	0	0	0	0	0	1	0	0	0	0	1	0	0	0	0	0	0	0	0	0	0	0	0	0	0	0	1	0	1	0	0	0	0	0	0	0	0	0	0	0	0	0	1	0	0	0	0	0	0	0	1	0	0
VanR	1	0	2	2	160	0	4	2	0	1	0	68	0	0	0	1	0	14	0	1	0	0	6	1	0	0	10	0	1	21	53	36	11	2	4	6	1	2	0	1	2	0	3	6	16	5	6	4	2	0	0	2	0	2	0	2	5	6	0	1	2	0	0	0	0	0	0	0	0	0	4	10	7	43	3	7	8	10	1	0	0	0	0	0	7	14	1	8	1	3	0	7	0	57	4	4	0	6	0
VanR-B	3	5	3	4	1	0	1	0	3	2	2	1	2	1	0	1	1	0	1	2	7	8	1	3	2	1	4	0	4	1	0	1	6	0	0	3	0	10	0	0	0	2	4	3	2	0	2	0	2	2	0	5	2	0	1	3	4	1	1	1	1	0	4	1	5	2	4	7	1	0	0	2	13	4	10	2	3	10	0	3	4	1	0	2	6	11	1	2	3	5	1	32	1	3	0	7	3	4	0
VanR-C_1_AF162694	0	0	0	3	0	0	0	0	0	1	0	1	0	0	0	0	0	0	0	0	0	0	0	0	1	0	0	0	0	1	2	1	1	0	0	0	3	1	1	5	0	0	0	0	3	1	1	0	0	0	0	0	0	0	0	0	0	0	0	0	0	0	0	0	0	0	0	0	0	0	0	1	0	1	0	3	1	0	2	0	0	0	0	0	1	4	1	1	0	0	0	0	1	0	0	1	0	0	0
VanR-C_3_clust	0	0	0	1	1	0	1	0	0	0	0	0	0	0	0	0	0	0	0	0	0	0	0	0	0	0	1	0	0	0	1	0	1	0	0	4	0	5	3	5	0	0	1	1	7	5	4	0	2	0	0	0	0	0	0	0	0	0	0	0	0	0	0	0	0	0	0	0	0	0	1	4	0	1	0	0	3	0	0	0	0	0	0	0	0	2	0	1	0	0	0	0	0	0	0	0	0	0	0
VanR-D	0	0	1	1	0	0	0	1	0	0	2	1	1	0	3	0	2	0	0	0	0	1	3	2	0	0	1	1	0	3	0	0	0	1	2	2	0	0	0	0	0	0	0	1	0	1	0	0	2	2	0	2	2	0	1	2	0	2	0	0	0	1	1	1	0	0	0	1	0	2	2	0	8	0	0	1	1	0	0	0	0	0	0	0	1	2	0	0	1	1	1	0	1	1	0	1	0	0	1
VanR-F	0	0	0	0	0	0	0	0	0	0	0	0	0	0	0	0	0	0	0	0	0	0	0	0	0	0	0	0	0	0	0	0	0	0	0	0	0	0	0	0	0	0	0	3	0	0	3	0	0	0	0	0	0	0	0	0	0	0	0	0	0	0	0	0	0	0	0	0	0	0	0	1	0	1	0	0	1	0	0	0	0	0	0	0	0	0	0	0	0	0	0	0	0	0	0	0	0	0	0
VanR-G	1	0	1	2	2	0	4	0	5	3	3	0	5	0	3	1	0	1	8	2	4	1	7	3	2	1	11	1	1	2	1	3	2	1	3	4	0	0	1	1	2	1	1	2	2	0	3	2	2	6	4	1	2	3	0	9	10	9	3	2	0	4	1	3	1	9	2	1	1	1	7	3	29	2	1	3	1	7	4	1	4	0	1	2	2	3	0	9	6	1	8	4	10	3	1	3	1	2	1
VanR-L	0	0	0	0	0	0	0	0	0	0	0	0	0	0	0	0	0	0	0	0	0	0	0	0	0	0	1	0	0	0	0	0	0	0	0	0	0	0	0	0	0	0	0	0	0	1	0	0	0	1	3	0	2	0	0	0	0	0	0	0	0	0	0	0	0	0	0	0	0	0	0	0	0	0	0	0	0	0	0	0	0	0	0	0	1	0	0	0	0	0	0	0	0	0	0	0	0	0	0
VanR-M	0	0	0	0	0	0	0	0	0	0	0	0	0	0	0	0	0	0	0	0	0	0	0	0	0	0	0	0	0	0	0	0	0	0	0	0	0	0	0	0	0	0	0	0	0	0	1	0	0	0	0	0	0	0	0	0	0	0	0	0	1	0	0	0	0	0	0	0	0	0	0	0	0	1	0	0	0	0	0	0	0	0	0	0	0	0	0	0	0	0	0	0	0	0	0	0	0	0	0
VanR-N	0	0	0	0	0	0	2	0	0	0	0	1	0	0	0	0	0	0	0	0	0	0	0	0	0	0	1	0	0	0	0	0	0	0	0	0	0	0	0	0	0	0	1	0	0	1	0	0	0	0	0	0	0	0	0	0	0	0	0	0	1	0	0	0	0	0	0	0	0	0	0	2	0	0	0	0	0	0	0	0	0	0	0	0	0	0	0	0	0	0	0	0	0	0	0	0	0	0	0
VanS-A	0	0	0	0	318	0	0	1	0	1	0	140	0	0	0	0	0	12	0	0	0	0	0	0	0	1	0	0	0	26	80	36	12	4	1	10	0	0	1	2	0	1	1	0	10	3	4	9	2	0	0	0	0	0	0	0	0	0	0	0	2	0	0	0	0	0	0	0	0	0	2	5	2	66	0	0	4	1	1	0	0	0	0	0	0	0	0	2	0	3	0	0	0	74	1	0	0	0	0
VanS-B	5	2	6	5	0	7	2	3	8	0	6	1	7	5	4	4	4	2	4	2	25	28	5	5	2	2	2	2	5	2	0	4	9	4	1	14	1	28	3	1	0	0	6	3	1	0	1	1	7	3	1	11	1	0	4	8	6	2	3	7	1	3	17	1	7	15	2	13	5	8	0	10	25	2	12	1	38	14	7	5	14	4	3	2	14	25	3	1	2	9	15	53	2	7	1	7	2	8	3
VanS-C_clust1	0	0	0	0	0	0	0	0	0	0	0	0	0	0	0	0	0	0	0	0	0	0	0	0	0	0	0	0	0	0	0	0	0	0	0	0	7	4	0	11	1	4	0	1	1	0	1	0	2	0	0	0	0	0	0	0	0	0	0	0	0	0	0	0	0	0	0	0	0	0	0	0	0	2	0	5	0	0	0	0	0	0	0	0	0	0	0	0	0	0	0	0	0	0	0	1	0	0	0
VanS-C_clust2	0	0	0	0	0	0	0	0	0	1	0	0	0	0	0	0	0	0	0	0	0	0	0	0	0	0	0	0	0	0	0	0	0	0	0	2	1	1	2	12	1	1	0	0	9	0	2	0	7	0	0	0	0	0	0	0	0	0	0	0	0	0	0	0	0	0	0	0	0	0	0	0	0	2	0	0	4	0	0	0	0	0	0	0	0	0	0	0	0	0	0	0	0	0	0	0	0	0	0
VanS-D	0	0	0	3	0	1	0	0	0	0	0	1	0	0	0	0	0	0	1	2	0	0	1	0	0	2	3	0	2	3	3	1	4	1	1	1	0	0	0	2	1	0	0	1	0	0	0	2	0	1	0	1	1	1	0	0	0	0	0	0	0	0	0	1	0	0	0	0	0	1	0	0	0	0	1	0	1	0	0	0	0	0	0	0	0	0	0	0	0	3	0	2	1	1	1	0	0	1	0
VanS-F	0	0	0	0	0	0	0	0	0	0	0	0	0	0	0	0	0	0	0	0	0	0	0	0	0	0	0	0	0	1	0	0	0	0	0	0	0	0	0	0	0	0	0	0	0	1	0	0	0	0	0	0	0	0	0	0	0	0	0	0	0	0	0	0	0	0	0	0	0	0	0	0	0	0	0	0	0	0	0	0	0	0	0	0	0	0	0	0	0	0	0	0	0	0	0	0	0	0	0
VanS-G	0	1	1	0	0	0	0	0	0	0	0	0	0	0	1	0	1	0	1	0	1	0	0	0	0	0	0	1	1	0	0	0	0	0	0	0	0	0	0	0	0	0	0	0	0	0	2	0	0	0	0	0	0	0	0	0	0	0	0	2	0	3	0	0	0	3	0	2	0	2	0	0	1	0	0	0	0	0	0	2	0	0	0	1	0	0	0	1	2	0	4	0	1	1	1	0	4	0	3
VanS-M	0	0	0	0	0	0	0	0	0	0	0	0	0	0	0	0	0	0	0	0	0	0	0	0	0	0	0	0	0	0	0	0	0	0	0	0	0	0	0	0	0	0	1	0	0	2	1	0	0	0	0	0	0	0	0	0	0	0	0	0	1	0	0	0	0	0	0	0	0	0	0	0	0	1	0	0	2	0	0	0	0	0	0	0	0	0	0	0	0	0	0	0	0	0	0	0	0	0	0
VanT-C_clust1	0	0	0	0	0	0	0	0	0	0	0	0	0	0	0	0	0	0	0	0	0	0	0	0	0	0	0	0	0	0	0	0	0	0	0	2	6	11	2	14	4	3	0	0	0	1	5	0	5	0	0	0	0	0	0	0	0	0	0	0	2	0	0	0	0	0	0	0	0	0	0	1	0	2	0	9	1	1	0	0	0	0	0	0	0	0	0	1	0	0	0	0	0	0	0	3	0	0	0
VanT-C_clust2	0	0	0	1	0	0	0	0	0	0	0	1	0	0	0	0	0	0	0	0	0	0	0	0	0	0	0	0	0	0	0	1	0	0	0	16	1	7	8	22	1	5	2	2	26	3	3	0	15	0	0	0	0	0	0	0	0	0	0	0	0	0	0	0	0	0	0	0	0	0	0	0	0	2	0	0	2	0	0	0	0	0	0	0	0	2	0	0	0	1	0	0	0	0	1	0	0	1	0
VanT-G	1	38	20	0	0	29	0	2	14	3	44	0	52	0	39	1	50	0	55	33	39	12	70	35	20	16	54	8	8	6	0	2	0	1	2	0	1	0	1	1	0	0	0	0	0	0	2	6	1	36	35	17	14	19	22	23	104	26	12	27	0	12	16	24	16	30	13	18	5	13	4	2	45	1	2	3	4	4	1	33	38	40	46	42	2	4	1	1	43	1	43	4	62	2	0	0	15	4	36
VanT-N	0	0	0	0	0	0	0	0	0	0	0	0	0	0	0	0	0	0	0	0	0	0	0	0	0	0	0	0	0	0	0	0	0	0	0	0	0	0	0	0	0	0	0	0	0	0	0	0	1	0	0	0	0	0	0	0	0	0	0	0	0	0	0	0	0	0	0	0	0	0	0	0	0	0	0	0	0	0	0	0	0	0	0	0	0	0	0	0	0	0	0	0	0	0	0	0	0	0	0
VanU-G	0	0	0	0	0	0	0	0	0	0	0	0	0	0	0	0	0	0	0	0	0	0	0	0	0	0	0	1	0	0	0	0	0	0	0	0	0	0	0	0	0	0	0	0	0	0	0	0	0	0	0	0	0	0	0	0	0	0	0	0	0	0	0	0	0	0	0	0	0	0	0	0	0	0	0	0	0	0	0	0	0	1	0	0	0	0	0	0	0	0	0	0	0	0	0	0	1	0	0
VanW-B	2	0	5	3	1	1	2	0	3	1	1	3	4	2	2	1	3	2	4	5	8	1	2	4	1	2	5	1	2	0	4	2	4	1	3	5	0	15	1	2	0	1	6	2	1	0	1	0	5	3	0	5	2	0	2	4	3	7	0	6	0	1	4	2	2	7	2	8	3	3	1	4	21	2	5	1	12	7	5	2	3	2	0	0	8	15	0	5	0	9	4	36	2	3	3	8	2	10	1
VanW-G	0	9	6	15	1	11	4	2	2	5	12	0	15	0	11	1	19	0	10	7	9	9	23	14	5	4	24	4	3	3	4	1	1	2	3	1	0	0	2	0	3	0	1	3	4	0	4	5	3	11	12	7	10	5	6	11	28	6	1	12	0	5	3	4	3	11	3	8	2	7	7	4	88	2	16	1	9	8	6	12	10	13	15	13	1	5	1	4	8	2	18	10	21	1	0	4	10	0	13
VanX-A	0	0	0	0	174	0	0	0	0	0	0	56	0	0	0	0	0	9	0	0	0	0	0	0	0	0	0	0	0	16	47	22	3	3	0	4	1	0	0	0	0	0	0	0	7	2	2	3	0	0	0	0	0	0	0	0	0	0	0	0	1	0	0	0	1	0	0	0	0	0	0	1	0	36	0	2	0	1	0	0	0	0	0	0	0	1	0	0	0	2	0	0	0	51	0	0	0	0	0
VanX-Ac	0	0	0	0	0	0	0	0	0	0	0	0	0	0	0	0	0	0	0	0	0	0	0	0	0	0	0	0	0	0	0	0	0	0	0	0	0	0	0	0	0	0	0	0	0	0	0	0	0	0	0	0	0	0	0	0	0	0	0	0	0	0	0	0	0	0	0	0	0	0	0	0	0	0	0	0	1	0	0	0	0	0	0	0	0	0	0	0	0	0	0	0	0	0	0	0	0	0	0
VanX-Ao	0	0	0	0	0	0	0	0	0	0	0	0	0	0	0	0	0	0	0	0	0	0	0	0	0	0	0	0	0	0	0	0	0	0	0	0	0	0	0	0	0	0	0	0	0	0	0	0	0	0	0	0	0	0	0	0	0	0	0	0	0	0	0	0	0	0	0	0	0	0	0	0	0	2	0	0	0	0	0	0	0	0	0	0	0	0	0	0	0	0	0	0	0	0	0	0	0	0	0
VanX-B	4	6	4	5	0	2	0	0	4	1	4	0	1	1	2	1	1	0	0	1	12	8	0	5	2	1	4	0	4	1	2	2	4	1	2	8	0	10	1	0	0	1	3	0	1	0	3	1	2	4	0	5	2	1	1	5	6	1	2	9	0	3	4	2	2	5	3	6	8	6	0	5	13	1	11	1	12	12	3	5	3	1	3	2	9	12	1	1	2	5	0	30	1	6	0	2	1	3	1
VanX-D_1_AB242320	0	0	0	0	0	0	0	0	1	0	0	0	0	0	0	0	0	0	0	0	0	0	0	0	0	1	1	1	0	0	0	0	0	0	0	0	0	0	0	0	0	0	0	0	0	0	0	0	0	0	1	0	0	0	0	0	0	0	0	0	0	1	0	0	0	0	0	0	0	0	0	0	1	0	0	0	0	0	0	0	1	0	0	0	1	0	0	1	0	0	0	0	0	0	0	0	1	0	0
VanX-D_clust	0	0	0	0	0	0	0	0	0	0	0	0	0	0	0	0	0	0	0	0	0	0	0	0	0	0	0	0	0	0	0	0	0	0	0	0	0	0	0	0	0	0	0	0	0	0	0	0	0	0	0	0	0	0	0	1	0	0	0	0	0	0	0	0	0	0	0	0	0	0	0	0	0	0	0	0	0	0	0	0	0	0	0	0	0	0	0	0	0	0	0	0	0	0	0	0	0	0	0
VanX-Pt	0	0	0	0	0	0	0	0	0	0	0	0	0	0	0	0	0	0	0	1	0	1	0	1	0	0	0	0	1	0	0	0	0	0	0	0	0	0	0	0	0	0	0	0	0	0	0	0	0	0	0	0	0	0	0	0	1	1	0	0	0	0	0	0	0	0	0	0	0	0	0	0	0	0	0	0	0	0	0	0	0	0	0	0	0	1	0	0	0	0	0	0	0	0	0	0	0	0	0
VanX-Sc	0	0	0	0	0	0	0	0	0	0	0	0	0	0	0	0	0	0	0	0	0	0	0	0	0	0	0	0	0	0	0	0	0	0	0	0	0	0	0	0	0	0	0	0	0	0	0	0	0	0	0	0	0	0	0	0	0	0	0	0	0	0	0	0	0	0	0	0	0	0	0	2	0	0	0	1	0	0	0	0	0	0	0	0	0	0	0	0	0	0	0	0	0	0	0	0	0	0	0
VanXY-C	0	0	0	0	0	0	1	0	0	0	0	0	0	0	0	0	0	0	0	0	0	0	0	0	0	0	0	0	0	0	0	0	0	0	0	0	0	3	0	6	0	1	0	0	1	0	0	0	0	0	0	0	0	0	0	0	0	0	0	0	0	0	0	0	0	0	0	0	0	0	0	0	0	0	0	2	0	0	0	0	0	0	0	0	0	0	0	2	0	0	0	1	0	0	0	0	0	0	0
VanXY-C_clust	0	0	0	0	0	0	0	0	0	0	0	0	0	0	0	0	0	0	0	0	0	0	0	0	0	0	0	0	0	0	0	0	0	0	0	3	1	0	2	2	1	1	1	0	10	0	2	0	3	0	0	0	0	0	0	0	0	0	0	0	0	0	0	0	0	0	0	0	0	0	0	0	0	0	0	0	0	0	0	0	0	0	0	0	0	0	0	0	0	0	0	0	0	0	0	1	0	0	0
VanXY-G	2	16	7	1	1	5	3	1	7	2	10	0	14	1	17	1	21	0	17	7	16	10	14	15	5	2	28	2	6	7	2	2	0	0	2	1	0	0	0	0	0	1	1	3	0	0	3	3	2	15	24	8	4	7	4	17	28	11	6	13	0	6	3	4	4	9	5	6	3	3	5	3	79	3	6	2	3	16	3	10	11	10	16	18	1	1	0	5	17	0	19	3	16	1	2	2	5	0	6
VanXY-N	0	0	0	0	0	0	1	0	0	0	0	0	0	0	0	0	0	0	0	0	0	0	0	0	0	0	0	0	0	0	0	0	0	0	0	0	0	0	0	0	0	0	0	0	0	0	0	0	0	0	0	0	0	0	0	0	0	0	0	0	0	0	0	0	0	0	0	0	0	0	0	0	0	0	0	0	0	0	0	0	0	0	0	0	0	0	0	0	0	0	0	0	0	0	0	0	0	0	0
VanY-A	0	0	0	0	263	0	0	1	1	0	0	98	0	0	0	1	0	12	0	0	0	0	0	0	0	0	0	0	0	23	43	22	8	1	0	3	0	0	0	9	0	0	40	1	5	0	1	0	1	0	0	0	0	0	0	0	0	0	0	0	1	0	0	0	0	0	0	0	0	0	0	2	1	37	0	1	3	1	0	0	0	0	0	0	0	0	0	0	0	3	0	0	0	53	0	0	0	0	0
VanY-B	3	1	4	9	0	3	2	1	6	0	2	1	4	2	2	2	1	0	2	3	11	14	2	5	2	2	5	0	0	1	0	2	7	1	0	4	0	15	1	1	0	2	3	3	2	0	0	0	3	1	1	7	2	1	0	7	9	3	2	3	0	0	10	1	1	10	4	4	4	4	1	11	16	0	5	3	19	11	3	1	6	1	1	2	7	15	1	5	2	7	5	40	2	9	0	5	2	10	2
VanY-D_clust	0	0	0	0	0	0	0	0	0	0	0	0	0	0	0	0	0	0	0	0	0	0	0	0	0	0	0	0	0	0	0	0	0	0	0	0	0	0	0	0	0	0	0	0	0	0	0	0	0	0	0	1	0	0	0	0	0	0	0	0	0	0	0	0	0	0	0	0	0	0	0	0	0	0	0	0	0	0	0	0	0	0	0	0	0	0	0	0	0	0	0	0	0	0	0	0	0	0	0
VanY-G	0	0	0	0	0	0	0	0	0	0	0	0	1	0	0	0	0	0	0	0	0	0	1	2	1	1	2	2	0	0	0	0	1	0	0	0	0	0	0	0	1	0	0	0	0	0	1	0	0	0	0	1	1	0	0	1	0	1	0	1	0	3	0	1	3	2	1	0	0	1	0	0	0	0	0	0	0	0	0	5	1	0	0	1	1	0	0	0	1	0	0	0	2	1	0	0	3	0	5
VanY-M	0	0	0	0	0	0	0	0	0	0	0	0	0	0	0	0	0	0	0	0	0	0	0	0	0	0	0	0	0	0	0	0	0	0	0	0	0	0	0	0	0	0	0	0	0	0	0	0	0	0	0	0	0	0	0	0	0	0	0	0	0	0	0	0	0	0	0	0	0	2	0	0	0	0	0	0	0	0	0	0	0	0	0	0	0	0	0	0	0	0	0	0	0	0	0	0	0	0	0
VanY-Pt	0	0	0	0	0	0	0	0	0	0	0	0	0	0	0	0	0	0	0	0	0	0	0	0	0	0	0	0	0	0	0	0	0	0	0	0	0	0	0	0	0	0	0	0	0	0	2	0	0	0	0	0	0	0	0	0	0	0	0	0	0	0	0	0	0	0	0	0	0	0	0	0	0	0	0	0	1	0	0	0	0	0	0	0	0	0	0	0	0	0	0	0	0	0	0	0	0	0	0
VanZ-A	0	0	0	0	103	0	0	0	0	0	0	54	0	0	0	0	0	5	0	0	0	0	0	0	0	0	0	0	0	3	21	4	1	2	0	0	0	0	0	7	0	0	18	1	4	0	0	1	0	0	0	0	0	0	0	0	0	0	0	0	0	0	0	0	0	0	0	0	0	0	0	3	0	17	0	0	4	0	0	0	0	0	0	0	0	0	0	0	0	0	0	0	0	25	0	0	0	0	0
vat(A)	0	0	0	0	0	0	0	0	0	0	0	0	0	0	0	0	0	0	0	0	0	0	0	0	0	0	0	0	0	0	0	0	0	0	0	0	0	0	0	0	0	0	0	0	3	4	0	0	0	0	0	0	0	0	0	0	0	0	0	0	0	0	0	0	0	0	0	0	0	0	0	0	0	0	0	0	0	0	0	0	0	0	0	0	0	0	0	0	0	0	0	0	0	0	0	0	0	0	0
vat(B)	1	1	0	1	2	0	3	0	0	1	0	3	0	0	0	0	0	0	0	0	0	0	0	1	0	0	2	1	0	3	4	7	5	0	1	12	0	3	2	2	1	1	2	1	3	1	0	0	0	0	1	0	0	0	0	0	0	0	0	0	1	0	0	0	0	0	0	0	0	0	3	4	9	2	3	0	4	6	2	0	0	0	0	0	1	1	3	8	0	3	0	3	0	1	3	2	0	4	0
vat(C)	0	0	0	0	0	0	0	0	0	0	0	0	0	0	0	0	0	0	0	0	0	0	0	0	0	0	0	0	0	0	0	0	0	0	0	0	0	0	0	0	0	1	0	0	0	0	0	1	0	0	0	0	0	0	0	0	0	0	0	0	0	0	0	0	0	0	0	0	0	0	0	0	0	0	0	0	0	1	0	0	0	0	0	0	0	1	1	3	0	0	0	0	0	0	0	1	0	0	0
vat(D)	0	0	0	0	0	0	0	0	0	0	0	0	0	0	0	0	0	0	0	0	0	0	0	0	0	0	0	0	0	0	0	0	0	0	0	0	0	0	0	0	0	0	0	0	0	0	0	0	0	0	0	0	0	0	0	0	0	0	0	0	0	0	0	0	0	0	0	0	0	0	0	0	0	0	0	0	0	0	0	0	0	0	0	0	1	0	0	1	0	0	0	2	0	0	2	0	0	0	0
vat(E)	3	11	4	7	2	2	1	441	0	12	19	71	2	39	19	209	40	16	18	0	12	4	76	17	16	0	134	41	2	9	4	30	4	3	3	2	6	3	1	194	1347	396	134	215	246	184	353	34	132	21	146	6	1	12	1	45	9	15	15	2	352	4	0	1	2	0	0	3	6	3	18	7	42	5	5	3	375	191	11	2	0	2	0	0	111	241	186	183	5	621	1	47	0	104	129	1015	0	126	0
vga(A)_clust	0	0	0	0	0	0	0	0	0	0	0	0	0	0	0	0	0	0	0	0	0	0	0	0	0	0	0	0	0	0	1	0	0	0	0	0	0	0	0	0	0	0	0	0	0	0	0	0	0	1	2	0	1	0	3	0	0	0	0	1	1	0	0	0	2	0	1	1	0	0	0	0	0	0	0	0	0	2	0	0	0	0	0	0	0	0	0	0	4	0	0	0	0	0	0	0	0	0	0
vga(B)	0	0	0	0	0	0	0	0	0	0	0	0	0	0	0	0	0	0	0	0	0	0	0	0	0	0	0	0	0	0	0	0	0	0	0	0	0	0	0	1	0	0	0	0	0	0	0	0	0	0	0	0	0	0	0	0	0	0	0	0	0	0	0	0	0	0	0	0	0	0	0	0	0	0	0	0	0	0	0	0	0	0	0	0	0	0	0	0	0	0	0	0	0	0	0	0	0	0	0
vga(C)_1_GQ205627	0	0	0	0	0	0	0	0	0	0	0	0	0	0	0	0	0	0	0	0	0	0	0	0	0	0	0	0	0	0	0	0	0	0	0	0	0	0	0	0	0	0	0	0	0	0	0	0	0	0	0	0	0	0	0	0	0	0	0	0	0	0	0	0	0	0	0	0	0	0	0	0	0	2	0	0	1	0	0	0	0	0	0	0	0	0	0	0	0	0	0	0	0	0	0	0	0	0	0
vga(C)_2_NC_013034	0	0	0	0	0	0	0	0	0	0	0	0	0	0	0	0	0	0	0	1	0	0	0	1	0	0	0	0	9	0	0	0	0	0	0	0	0	0	0	0	0	0	0	0	2	0	0	0	0	2	0	0	0	2	1	0	1	0	0	0	2	0	0	1	1	0	0	0	2	0	0	0	0	0	0	0	0	0	0	0	0	0	0	0	0	0	0	0	0	0	0	0	0	0	0	0	0	0	0
vga(E)	0	0	0	0	0	0	0	0	0	0	0	0	0	0	0	0	0	0	0	5	0	0	0	0	0	0	1	0	6	1	1	2	0	1	0	0	0	0	0	41	10	2	19	36	40	36	67	4	3	1	0	0	5	3	1	0	3	0	58	0	24	0	3	1	0	1	1	2	1	4	5	10	1	15	4	9	18	5	36	0	0	0	0	0	0	0	0	0	0	0	0	0	0	0	0	0	0	0	0
vgb(A)	0	0	0	0	0	0	0	0	0	0	0	0	0	0	0	0	0	0	0	0	0	0	0	0	0	0	0	0	0	0	0	0	0	0	0	0	0	1	0	1	21	0	0	0	2	1	43	0	0	0	1	0	0	0	0	0	0	0	0	0	0	0	0	0	0	0	0	0	0	0	0	0	0	0	1	0	0	2	0	0	0	0	0	0	0	0	0	0	0	0	0	0	0	0	0	0	0	0	0
vgb(B)	0	0	0	0	0	0	0	0	0	0	0	0	0	0	0	0	0	0	0	0	0	0	0	0	0	0	0	0	0	0	0	0	0	0	0	0	1	0	0	0	1	1	0	0	0	0	0	0	0	0	0	0	0	0	0	0	0	0	0	0	0	0	0	0	0	0	0	0	0	0	0	0	0	0	0	0	3	0	0	0	0	0	0	0	0	2	0	1	0	0	0	0	0	0	0	0	0	0	0
